0.0452380952380952 0.0119047619047619 0.0119047619047619 0.0119047619047619 0.0119047619047619 0.0452380952380952 0.0119047619047619 0.0119047619047619 0.0119047619047619 0.111904761904762 0.378571428571429 0.0785714285714286 0.0119047619047619 0.245238095238095
0.335714285714286 0.0357142857142857 0.0357142857142857 0.0357142857142857 0.0357142857142857 0.0357142857142857 0.0357142857142857 0.0357142857142857 0.135714285714286 0.0357142857142857 0.0357142857142857 0.0357142857142857 0.135714285714286 0.0357142857142857
0.0297619047619048 0.0297619047619048 0.0297619047619048 0.0297619047619048 0.0297619047619048 0.0297619047619048 0.113095238095238 0.279761904761905 0.0297619047619048 0.0297619047619048 0.0297619047619048 0.0297619047619048 0.279761904761905 0.0297619047619048
0.0396825396825397 0.0396825396825397 0.0396825396825397 0.0396825396825397 0.0396825396825397 0.0396825396825397 0.261904761904762 0.0396825396825397 0.150793650793651 0.150793650793651 0.0396825396825397 0.0396825396825397 0.0396825396825397 0.0396825396825397
0.49047619047619 0.0238095238095238 0.0238095238095238 0.0238095238095238 0.0904761904761905 0.0238095238095238 0.0238095238095238 0.0238095238095238 0.0904761904761905 0.0238095238095238 0.0238095238095238 0.0904761904761905 0.0238095238095238 0.0238095238095238
0.0093984962406015 0.614661654135338 0.0093984962406015 0.0620300751879699 0.0093984962406015 0.0357142857142857 0.0093984962406015 0.0093984962406015 0.0357142857142857 0.0093984962406015 0.0093984962406015 0.0093984962406015 0.167293233082707 0.0093984962406015
0.235714285714286 0.0357142857142857 0.0357142857142857 0.0357142857142857 0.0357142857142857 0.0357142857142857 0.0357142857142857 0.0357142857142857 0.0357142857142857 0.0357142857142857 0.0357142857142857 0.0357142857142857 0.335714285714286 0.0357142857142857
0.345238095238095 0.0119047619047619 0.0119047619047619 0.111904761904762 0.0452380952380952 0.0119047619047619 0.0119047619047619 0.0119047619047619 0.0119047619047619 0.0119047619047619 0.378571428571429 0.0119047619047619 0.0119047619047619 0.0119047619047619
0.0357142857142857 0.0357142857142857 0.0357142857142857 0.0357142857142857 0.135714285714286 0.0357142857142857 0.135714285714286 0.0357142857142857 0.335714285714286 0.0357142857142857 0.0357142857142857 0.0357142857142857 0.0357142857142857 0.0357142857142857
0.024234693877551 0.00637755102040816 0.024234693877551 0.00637755102040816 0.00637755102040816 0.00637755102040816 0.00637755102040816 0.881377551020408 0.00637755102040816 0.00637755102040816 0.00637755102040816 0.00637755102040816 0.00637755102040816 0.00637755102040816
0.00793650793650794 0.00793650793650794 0.00793650793650794 0.00793650793650794 0.0746031746031746 0.763492063492063 0.00793650793650794 0.00793650793650794 0.00793650793650794 0.00793650793650794 0.00793650793650794 0.00793650793650794 0.00793650793650794 0.0746031746031746
0.432773109243697 0.0210084033613445 0.0210084033613445 0.0210084033613445 0.0798319327731093 0.0210084033613445 0.0210084033613445 0.0210084033613445 0.197478991596639 0.0210084033613445 0.0210084033613445 0.0798319327731093 0.0210084033613445 0.0210084033613445
0.0111607142857143 0.0111607142857143 0.854910714285714 0.0111607142857143 0.0111607142857143 0.0111607142857143 0.0111607142857143 0.0111607142857143 0.0111607142857143 0.0111607142857143 0.0111607142857143 0.0111607142857143 0.0111607142857143 0.0111607142857143
0.0446428571428571 0.0446428571428571 0.169642857142857 0.0446428571428571 0.0446428571428571 0.0446428571428571 0.0446428571428571 0.0446428571428571 0.169642857142857 0.0446428571428571 0.0446428571428571 0.0446428571428571 0.169642857142857 0.0446428571428571
0.397321428571429 0.0223214285714286 0.0223214285714286 0.0848214285714286 0.0223214285714286 0.0223214285714286 0.0223214285714286 0.0848214285714286 0.0223214285714286 0.0223214285714286 0.0223214285714286 0.0223214285714286 0.209821428571429 0.0223214285714286
0.193877551020408 0.0510204081632653 0.0510204081632653 0.0510204081632653 0.0510204081632653 0.0510204081632653 0.0510204081632653 0.0510204081632653 0.0510204081632653 0.0510204081632653 0.193877551020408 0.0510204081632653 0.0510204081632653 0.0510204081632653
0.0198412698412698 0.0198412698412698 0.0198412698412698 0.0753968253968254 0.0753968253968254 0.0198412698412698 0.0198412698412698 0.0198412698412698 0.464285714285714 0.0198412698412698 0.0198412698412698 0.0198412698412698 0.0198412698412698 0.186507936507937
0.043778801843318 0.0115207373271889 0.076036866359447 0.140552995391705 0.0115207373271889 0.0115207373271889 0.592165898617512 0.0115207373271889 0.0115207373271889 0.0115207373271889 0.0115207373271889 0.043778801843318 0.0115207373271889 0.0115207373271889
0.0198412698412698 0.0198412698412698 0.0198412698412698 0.0198412698412698 0.0198412698412698 0.0198412698412698 0.130952380952381 0.0753968253968254 0.575396825396825 0.0198412698412698 0.0198412698412698 0.0198412698412698 0.0198412698412698 0.0198412698412698
0.0753968253968254 0.0198412698412698 0.0198412698412698 0.0198412698412698 0.0198412698412698 0.0198412698412698 0.242063492063492 0.0198412698412698 0.130952380952381 0.353174603174603 0.0198412698412698 0.0198412698412698 0.0198412698412698 0.0198412698412698
0.104395604395604 0.0274725274725275 0.0274725274725275 0.0274725274725275 0.0274725274725275 0.0274725274725275 0.0274725274725275 0.0274725274725275 0.0274725274725275 0.104395604395604 0.0274725274725275 0.489010989010989 0.0274725274725275 0.0274725274725275
0.0357142857142857 0.0357142857142857 0.435714285714286 0.0357142857142857 0.0357142857142857 0.0357142857142857 0.0357142857142857 0.0357142857142857 0.135714285714286 0.0357142857142857 0.0357142857142857 0.0357142857142857 0.0357142857142857 0.0357142857142857
0.0274725274725275 0.0274725274725275 0.0274725274725275 0.489010989010989 0.181318681318681 0.0274725274725275 0.0274725274725275 0.0274725274725275 0.0274725274725275 0.0274725274725275 0.0274725274725275 0.0274725274725275 0.0274725274725275 0.0274725274725275
0.0512605042016807 0.00420168067226891 0.286554621848739 0.00420168067226891 0.00420168067226891 0.0159663865546219 0.00420168067226891 0.00420168067226891 0.180672268907563 0.145378151260504 0.0394957983193277 0.227731092436975 0.00420168067226891 0.0277310924369748
0.00576036866359447 0.021889400921659 0.00576036866359447 0.00576036866359447 0.021889400921659 0.00576036866359447 0.441244239631336 0.134792626728111 0.00576036866359447 0.00576036866359447 0.00576036866359447 0.00576036866359447 0.00576036866359447 0.328341013824885
0.0127551020408163 0.762755102040816 0.0127551020408163 0.048469387755102 0.0127551020408163 0.0127551020408163 0.048469387755102 0.0127551020408163 0.0127551020408163 0.0127551020408163 0.0127551020408163 0.0127551020408163 0.0127551020408163 0.0127551020408163
0.136160714285714 0.0111607142857143 0.0736607142857143 0.0111607142857143 0.0111607142857143 0.0111607142857143 0.0424107142857143 0.0424107142857143 0.0424107142857143 0.0424107142857143 0.0111607142857143 0.542410714285714 0.0111607142857143 0.0111607142857143
0.0324675324675325 0.123376623376623 0.123376623376623 0.0324675324675325 0.123376623376623 0.0324675324675325 0.0324675324675325 0.0324675324675325 0.305194805194805 0.0324675324675325 0.0324675324675325 0.0324675324675325 0.0324675324675325 0.0324675324675325
0.0210084033613445 0.0210084033613445 0.0210084033613445 0.0210084033613445 0.0210084033613445 0.0210084033613445 0.0210084033613445 0.0210084033613445 0.0210084033613445 0.0798319327731093 0.0210084033613445 0.0798319327731093 0.609243697478992 0.0210084033613445
0.196428571428571 0.196428571428571 0.0297619047619048 0.0297619047619048 0.113095238095238 0.0297619047619048 0.113095238095238 0.0297619047619048 0.0297619047619048 0.0297619047619048 0.0297619047619048 0.113095238095238 0.0297619047619048 0.0297619047619048
0.167582417582418 0.0137362637362637 0.0137362637362637 0.129120879120879 0.0137362637362637 0.0137362637362637 0.0137362637362637 0.129120879120879 0.167582417582418 0.0137362637362637 0.0137362637362637 0.244505494505494 0.0137362637362637 0.0521978021978022
0.0093984962406015 0.193609022556391 0.0093984962406015 0.193609022556391 0.0093984962406015 0.246240601503759 0.0093984962406015 0.0093984962406015 0.0093984962406015 0.0093984962406015 0.114661654135338 0.0093984962406015 0.0093984962406015 0.167293233082707
0.0510204081632653 0.0510204081632653 0.0510204081632653 0.0510204081632653 0.0510204081632653 0.0510204081632653 0.193877551020408 0.0510204081632653 0.0510204081632653 0.0510204081632653 0.0510204081632653 0.0510204081632653 0.193877551020408 0.0510204081632653
0.0274725274725275 0.0274725274725275 0.0274725274725275 0.0274725274725275 0.489010989010989 0.0274725274725275 0.181318681318681 0.0274725274725275 0.0274725274725275 0.0274725274725275 0.0274725274725275 0.0274725274725275 0.0274725274725275 0.0274725274725275
0.0142857142857143 0.0142857142857143 0.0142857142857143 0.0542857142857143 0.0142857142857143 0.0142857142857143 0.0142857142857143 0.0542857142857143 0.0142857142857143 0.454285714285714 0.0942857142857143 0.214285714285714 0.0142857142857143 0.0142857142857143
0.00673854447439353 0.252021563342318 0.00673854447439353 0.00673854447439353 0.0256064690026954 0.0633423180592992 0.138814016172507 0.00673854447439353 0.00673854447439353 0.00673854447439353 0.00673854447439353 0.00673854447439353 0.327493261455526 0.138814016172507
0.0452380952380952 0.0119047619047619 0.111904761904762 0.0119047619047619 0.0119047619047619 0.0119047619047619 0.0119047619047619 0.0119047619047619 0.0119047619047619 0.0119047619047619 0.0119047619047619 0.0119047619047619 0.678571428571429 0.0452380952380952
0.0324675324675325 0.0324675324675325 0.0324675324675325 0.0324675324675325 0.0324675324675325 0.123376623376623 0.0324675324675325 0.0324675324675325 0.0324675324675325 0.0324675324675325 0.487012987012987 0.0324675324675325 0.0324675324675325 0.0324675324675325
0.0459882583170254 0.0185909980430528 0.00489236790606654 0.155577299412916 0.0322896281800391 0.00489236790606654 0.319960861056751 0.00489236790606654 0.00489236790606654 0.00489236790606654 0.0185909980430528 0.00489236790606654 0.00489236790606654 0.374755381604697
0.262755102040816 0.0127551020408163 0.0127551020408163 0.0127551020408163 0.512755102040816 0.0127551020408163 0.0127551020408163 0.0127551020408163 0.0127551020408163 0.0841836734693878 0.0127551020408163 0.0127551020408163 0.0127551020408163 0.0127551020408163
0.00871080139372822 0.00871080139372822 0.00871080139372822 0.862369337979094 0.00871080139372822 0.00871080139372822 0.00871080139372822 0.00871080139372822 0.00871080139372822 0.00871080139372822 0.00871080139372822 0.00871080139372822 0.00871080139372822 0.0331010452961672
0.473214285714286 0.0148809523809524 0.0148809523809524 0.0148809523809524 0.0148809523809524 0.0148809523809524 0.0148809523809524 0.0148809523809524 0.0148809523809524 0.0982142857142857 0.264880952380952 0.0148809523809524 0.0148809523809524 0.0148809523809524
0.006265664160401 0.006265664160401 0.006265664160401 0.006265664160401 0.006265664160401 0.006265664160401 0.006265664160401 0.918546365914787 0.006265664160401 0.006265664160401 0.006265664160401 0.006265664160401 0.006265664160401 0.006265664160401
0.0396825396825397 0.0396825396825397 0.0396825396825397 0.0396825396825397 0.0396825396825397 0.0396825396825397 0.0396825396825397 0.0396825396825397 0.373015873015873 0.0396825396825397 0.0396825396825397 0.150793650793651 0.0396825396825397 0.0396825396825397
0.0297619047619048 0.0297619047619048 0.0297619047619048 0.0297619047619048 0.0297619047619048 0.0297619047619048 0.196428571428571 0.0297619047619048 0.0297619047619048 0.0297619047619048 0.446428571428571 0.0297619047619048 0.0297619047619048 0.0297619047619048
0.0162337662337662 0.0162337662337662 0.0162337662337662 0.107142857142857 0.0162337662337662 0.0162337662337662 0.561688311688312 0.0162337662337662 0.0162337662337662 0.0162337662337662 0.0616883116883117 0.0616883116883117 0.0162337662337662 0.0616883116883117
0.0297619047619048 0.279761904761905 0.0297619047619048 0.196428571428571 0.196428571428571 0.0297619047619048 0.0297619047619048 0.0297619047619048 0.0297619047619048 0.0297619047619048 0.0297619047619048 0.0297619047619048 0.0297619047619048 0.0297619047619048
0.196428571428571 0.279761904761905 0.0297619047619048 0.0297619047619048 0.0297619047619048 0.0297619047619048 0.0297619047619048 0.0297619047619048 0.113095238095238 0.0297619047619048 0.0297619047619048 0.0297619047619048 0.113095238095238 0.0297619047619048
0.0324675324675325 0.0324675324675325 0.0324675324675325 0.0324675324675325 0.0324675324675325 0.0324675324675325 0.0324675324675325 0.0324675324675325 0.0324675324675325 0.0324675324675325 0.0324675324675325 0.0324675324675325 0.577922077922078 0.0324675324675325
0.0238095238095238 0.0238095238095238 0.0238095238095238 0.0238095238095238 0.49047619047619 0.157142857142857 0.0904761904761905 0.0238095238095238 0.0238095238095238 0.0238095238095238 0.0238095238095238 0.0238095238095238 0.0238095238095238 0.0238095238095238
0.0210084033613445 0.0210084033613445 0.0210084033613445 0.0210084033613445 0.0210084033613445 0.0210084033613445 0.0210084033613445 0.0210084033613445 0.0210084033613445 0.0210084033613445 0.609243697478992 0.0210084033613445 0.0798319327731093 0.0798319327731093
0.711180124223603 0.015527950310559 0.015527950310559 0.015527950310559 0.015527950310559 0.015527950310559 0.015527950310559 0.015527950310559 0.0590062111801242 0.0590062111801242 0.015527950310559 0.015527950310559 0.015527950310559 0.015527950310559
0.272321428571429 0.0223214285714286 0.0848214285714286 0.0223214285714286 0.0223214285714286 0.0223214285714286 0.0223214285714286 0.0223214285714286 0.0223214285714286 0.0223214285714286 0.334821428571429 0.0848214285714286 0.0223214285714286 0.0223214285714286
0.0238095238095238 0.0238095238095238 0.0238095238095238 0.357142857142857 0.0238095238095238 0.0238095238095238 0.29047619047619 0.0238095238095238 0.0238095238095238 0.0238095238095238 0.0238095238095238 0.0904761904761905 0.0238095238095238 0.0238095238095238
0.0510204081632653 0.0510204081632653 0.193877551020408 0.0510204081632653 0.0510204081632653 0.193877551020408 0.0510204081632653 0.0510204081632653 0.0510204081632653 0.0510204081632653 0.0510204081632653 0.0510204081632653 0.0510204081632653 0.0510204081632653
0.0223214285714286 0.0223214285714286 0.0223214285714286 0.0223214285714286 0.272321428571429 0.0223214285714286 0.0223214285714286 0.0223214285714286 0.334821428571429 0.147321428571429 0.0223214285714286 0.0223214285714286 0.0223214285714286 0.0223214285714286
0.288961038961039 0.0162337662337662 0.0162337662337662 0.0162337662337662 0.334415584415584 0.198051948051948 0.0162337662337662 0.0162337662337662 0.0162337662337662 0.0162337662337662 0.0162337662337662 0.0162337662337662 0.0162337662337662 0.0162337662337662
0.49047619047619 0.0238095238095238 0.0238095238095238 0.0238095238095238 0.0238095238095238 0.0238095238095238 0.0238095238095238 0.0238095238095238 0.0238095238095238 0.0238095238095238 0.223809523809524 0.0238095238095238 0.0238095238095238 0.0238095238095238
0.0420918367346939 0.00637755102040816 0.00637755102040816 0.00637755102040816 0.00637755102040816 0.00637755102040816 0.00637755102040816 0.863520408163265 0.00637755102040816 0.024234693877551 0.00637755102040816 0.00637755102040816 0.00637755102040816 0.00637755102040816
0.0906593406593407 0.0137362637362637 0.0137362637362637 0.0521978021978022 0.0137362637362637 0.0137362637362637 0.0137362637362637 0.0137362637362637 0.0521978021978022 0.0137362637362637 0.0137362637362637 0.667582417582418 0.0137362637362637 0.0137362637362637
0.00649350649350649 0.0792207792207792 0.00649350649350649 0.00649350649350649 0.00649350649350649 0.0246753246753247 0.00649350649350649 0.00649350649350649 0.00649350649350649 0.0246753246753247 0.37012987012987 0.00649350649350649 0.0246753246753247 0.424675324675325
0.0238095238095238 0.157142857142857 0.0238095238095238 0.0238095238095238 0.0238095238095238 0.0904761904761905 0.223809523809524 0.0904761904761905 0.0238095238095238 0.0904761904761905 0.0238095238095238 0.0238095238095238 0.0904761904761905 0.0904761904761905
0.018796992481203 0.0714285714285714 0.018796992481203 0.018796992481203 0.176691729323308 0.018796992481203 0.018796992481203 0.018796992481203 0.545112781954887 0.018796992481203 0.018796992481203 0.018796992481203 0.018796992481203 0.018796992481203
0.0595238095238095 0.0595238095238095 0.0595238095238095 0.0595238095238095 0.0595238095238095 0.0595238095238095 0.0595238095238095 0.0595238095238095 0.226190476190476 0.0595238095238095 0.0595238095238095 0.0595238095238095 0.0595238095238095 0.0595238095238095
0.018796992481203 0.0714285714285714 0.018796992481203 0.387218045112782 0.018796992481203 0.229323308270677 0.018796992481203 0.0714285714285714 0.018796992481203 0.018796992481203 0.0714285714285714 0.018796992481203 0.018796992481203 0.018796992481203
0.0132275132275132 0.568783068783069 0.0132275132275132 0.0132275132275132 0.0132275132275132 0.0132275132275132 0.0132275132275132 0.0132275132275132 0.0132275132275132 0.0132275132275132 0.0502645502645503 0.0132275132275132 0.0132275132275132 0.235449735449735
0.0108225108225108 0.0108225108225108 0.0411255411255411 0.192640692640693 0.0108225108225108 0.0108225108225108 0.0108225108225108 0.0108225108225108 0.0108225108225108 0.0411255411255411 0.0108225108225108 0.616883116883117 0.0108225108225108 0.0108225108225108
0.256302521008403 0.0210084033613445 0.0210084033613445 0.0210084033613445 0.0210084033613445 0.0210084033613445 0.0210084033613445 0.0210084033613445 0.0210084033613445 0.0210084033613445 0.0210084033613445 0.0210084033613445 0.491596638655462 0.0210084033613445
0.0223214285714286 0.0223214285714286 0.0223214285714286 0.0223214285714286 0.0223214285714286 0.0223214285714286 0.0223214285714286 0.0223214285714286 0.0848214285714286 0.0223214285714286 0.209821428571429 0.459821428571429 0.0223214285714286 0.0223214285714286
0.104395604395604 0.0274725274725275 0.0274725274725275 0.0274725274725275 0.0274725274725275 0.0274725274725275 0.412087912087912 0.0274725274725275 0.0274725274725275 0.0274725274725275 0.181318681318681 0.0274725274725275 0.0274725274725275 0.0274725274725275
0.186507936507937 0.575396825396825 0.0198412698412698 0.0198412698412698 0.0198412698412698 0.0198412698412698 0.0198412698412698 0.0198412698412698 0.0198412698412698 0.0198412698412698 0.0198412698412698 0.0198412698412698 0.0198412698412698 0.0198412698412698
0.0108225108225108 0.0108225108225108 0.0108225108225108 0.0108225108225108 0.0108225108225108 0.525974025974026 0.0411255411255411 0.0108225108225108 0.0714285714285714 0.162337662337662 0.0411255411255411 0.0108225108225108 0.0108225108225108 0.0714285714285714
0.0472837022132797 0.00503018108651911 0.145875251509054 0.00503018108651911 0.0331991951710262 0.00503018108651911 0.00503018108651911 0.00503018108651911 0.314889336016097 0.188128772635815 0.0191146881287726 0.0754527162977867 0.00503018108651911 0.145875251509054
0.245238095238095 0.0119047619047619 0.0119047619047619 0.0119047619047619 0.278571428571429 0.111904761904762 0.0119047619047619 0.0119047619047619 0.0119047619047619 0.245238095238095 0.0119047619047619 0.0119047619047619 0.0119047619047619 0.0119047619047619
0.00714285714285714 0.527142857142857 0.0471428571428571 0.00714285714285714 0.00714285714285714 0.00714285714285714 0.00714285714285714 0.00714285714285714 0.00714285714285714 0.0671428571428571 0.0271428571428571 0.00714285714285714 0.00714285714285714 0.267142857142857
0.0446428571428571 0.0446428571428571 0.0446428571428571 0.0446428571428571 0.0446428571428571 0.0446428571428571 0.0446428571428571 0.0446428571428571 0.169642857142857 0.0446428571428571 0.0446428571428571 0.0446428571428571 0.294642857142857 0.0446428571428571
0.0510204081632653 0.0510204081632653 0.0510204081632653 0.0510204081632653 0.0510204081632653 0.0510204081632653 0.0510204081632653 0.0510204081632653 0.0510204081632653 0.0510204081632653 0.0510204081632653 0.0510204081632653 0.336734693877551 0.0510204081632653
0.0223214285714286 0.0223214285714286 0.0223214285714286 0.0223214285714286 0.0223214285714286 0.0223214285714286 0.0223214285714286 0.647321428571429 0.0223214285714286 0.0848214285714286 0.0223214285714286 0.0223214285714286 0.0223214285714286 0.0223214285714286
0.0255102040816327 0.0255102040816327 0.0255102040816327 0.0255102040816327 0.0255102040816327 0.0255102040816327 0.668367346938776 0.0255102040816327 0.0255102040816327 0.0255102040816327 0.0255102040816327 0.0255102040816327 0.0255102040816327 0.0255102040816327
0.00811688311688312 0.00811688311688312 0.00811688311688312 0.00811688311688312 0.00811688311688312 0.326298701298701 0.23538961038961 0.00811688311688312 0.00811688311688312 0.189935064935065 0.00811688311688312 0.00811688311688312 0.00811688311688312 0.167207792207792
0.0170068027210884 0.0170068027210884 0.0170068027210884 0.0170068027210884 0.0170068027210884 0.0170068027210884 0.255102040816327 0.493197278911565 0.0646258503401361 0.0170068027210884 0.0170068027210884 0.0170068027210884 0.0170068027210884 0.0170068027210884
0.181318681318681 0.0274725274725275 0.0274725274725275 0.0274725274725275 0.181318681318681 0.0274725274725275 0.0274725274725275 0.0274725274725275 0.0274725274725275 0.0274725274725275 0.0274725274725275 0.0274725274725275 0.335164835164835 0.0274725274725275
0.0599730458221024 0.00336927223719677 0.00336927223719677 0.00336927223719677 0.0411051212938005 0.00336927223719677 0.0128032345013477 0.00336927223719677 0.00336927223719677 0.276954177897574 0.371293800539084 0.0222371967654987 0.00336927223719677 0.192048517520216
0.108294930875576 0.430875576036866 0.0115207373271889 0.043778801843318 0.0115207373271889 0.0115207373271889 0.108294930875576 0.043778801843318 0.0115207373271889 0.0115207373271889 0.0115207373271889 0.0115207373271889 0.140552995391705 0.043778801843318
0.0102040816326531 0.0102040816326531 0.0102040816326531 0.0102040816326531 0.238775510204082 0.0102040816326531 0.0102040816326531 0.0102040816326531 0.0102040816326531 0.153061224489796 0.0102040816326531 0.0673469387755102 0.0387755102040816 0.410204081632653
0.00585480093676815 0.00585480093676815 0.00585480093676815 0.00585480093676815 0.00585480093676815 0.546838407494145 0.00585480093676815 0.00585480093676815 0.00585480093676815 0.284543325526932 0.00585480093676815 0.104215456674473 0.00585480093676815 0.00585480093676815
0.333887043189369 0.0315614617940199 0.00830564784053156 0.00830564784053156 0.0780730897009967 0.00830564784053156 0.00830564784053156 0.124584717607973 0.00830564784053156 0.31063122923588 0.00830564784053156 0.00830564784053156 0.00830564784053156 0.0548172757475083
0.00714285714285714 0.00714285714285714 0.00714285714285714 0.00714285714285714 0.187142857142857 0.0271428571428571 0.0271428571428571 0.0271428571428571 0.00714285714285714 0.00714285714285714 0.00714285714285714 0.127142857142857 0.00714285714285714 0.547142857142857
0.0357142857142857 0.0357142857142857 0.0357142857142857 0.0357142857142857 0.135714285714286 0.435714285714286 0.0357142857142857 0.0357142857142857 0.0357142857142857 0.0357142857142857 0.0357142857142857 0.0357142857142857 0.0357142857142857 0.0357142857142857
0.0198412698412698 0.0198412698412698 0.0198412698412698 0.0198412698412698 0.0753968253968254 0.0198412698412698 0.0198412698412698 0.0198412698412698 0.575396825396825 0.0198412698412698 0.0198412698412698 0.130952380952381 0.0198412698412698 0.0198412698412698
0.0223214285714286 0.0223214285714286 0.0223214285714286 0.147321428571429 0.0223214285714286 0.0223214285714286 0.0223214285714286 0.0223214285714286 0.0223214285714286 0.0223214285714286 0.584821428571429 0.0223214285714286 0.0223214285714286 0.0223214285714286
0.496677740863787 0.00830564784053156 0.00830564784053156 0.0315614617940199 0.0315614617940199 0.00830564784053156 0.00830564784053156 0.00830564784053156 0.00830564784053156 0.00830564784053156 0.0315614617940199 0.333887043189369 0.00830564784053156 0.00830564784053156
0.0255102040816327 0.0255102040816327 0.0255102040816327 0.0255102040816327 0.0969387755102041 0.0255102040816327 0.311224489795918 0.311224489795918 0.0255102040816327 0.0255102040816327 0.0255102040816327 0.0255102040816327 0.0255102040816327 0.0255102040816327
0.0396825396825397 0.0396825396825397 0.150793650793651 0.0396825396825397 0.150793650793651 0.0396825396825397 0.0396825396825397 0.0396825396825397 0.0396825396825397 0.0396825396825397 0.0396825396825397 0.0396825396825397 0.261904761904762 0.0396825396825397
0.0798319327731093 0.0210084033613445 0.0210084033613445 0.0210084033613445 0.0210084033613445 0.0210084033613445 0.0210084033613445 0.0210084033613445 0.0210084033613445 0.0210084033613445 0.0210084033613445 0.0210084033613445 0.668067226890756 0.0210084033613445
0.0595238095238095 0.0595238095238095 0.0595238095238095 0.0595238095238095 0.0595238095238095 0.0595238095238095 0.0595238095238095 0.0595238095238095 0.0595238095238095 0.0595238095238095 0.226190476190476 0.0595238095238095 0.0595238095238095 0.0595238095238095
0.0238095238095238 0.0904761904761905 0.0238095238095238 0.0238095238095238 0.223809523809524 0.157142857142857 0.0238095238095238 0.0238095238095238 0.157142857142857 0.0904761904761905 0.0238095238095238 0.0238095238095238 0.0904761904761905 0.0238095238095238
0.00992063492063492 0.00992063492063492 0.176587301587302 0.00992063492063492 0.0654761904761905 0.259920634920635 0.00992063492063492 0.00992063492063492 0.343253968253968 0.00992063492063492 0.00992063492063492 0.0654761904761905 0.00992063492063492 0.00992063492063492
0.00253292806484296 0.101823708206687 0.00253292806484296 0.0309017223910841 0.00962512664640324 0.385511651469098 0.00962512664640324 0.00253292806484296 0.00253292806484296 0.00253292806484296 0.0947315096251267 0.00253292806484296 0.0805471124620061 0.272036474164134
0.363445378151261 0.0399159663865546 0.0105042016806723 0.0105042016806723 0.0987394957983193 0.128151260504202 0.157563025210084 0.069327731092437 0.0399159663865546 0.0105042016806723 0.0399159663865546 0.0105042016806723 0.0105042016806723 0.0105042016806723
0.00585480093676815 0.00585480093676815 0.0386416861826698 0.00585480093676815 0.00585480093676815 0.0550351288056206 0.00585480093676815 0.022248243559719 0.022248243559719 0.0550351288056206 0.218969555035129 0.00585480093676815 0.120608899297424 0.432084309133489
0.214285714285714 0.123376623376623 0.214285714285714 0.0324675324675325 0.0324675324675325 0.0324675324675325 0.0324675324675325 0.0324675324675325 0.0324675324675325 0.0324675324675325 0.0324675324675325 0.0324675324675325 0.123376623376623 0.0324675324675325
0.0446428571428571 0.0446428571428571 0.0446428571428571 0.169642857142857 0.0446428571428571 0.0446428571428571 0.0446428571428571 0.0446428571428571 0.0446428571428571 0.0446428571428571 0.0446428571428571 0.0446428571428571 0.294642857142857 0.0446428571428571
0.0255102040816327 0.0255102040816327 0.0255102040816327 0.0969387755102041 0.0255102040816327 0.0255102040816327 0.0255102040816327 0.0255102040816327 0.38265306122449 0.0255102040816327 0.0255102040816327 0.168367346938776 0.0969387755102041 0.0255102040816327
0.196428571428571 0.0297619047619048 0.0297619047619048 0.0297619047619048 0.113095238095238 0.0297619047619048 0.0297619047619048 0.0297619047619048 0.0297619047619048 0.0297619047619048 0.363095238095238 0.0297619047619048 0.0297619047619048 0.0297619047619048
0.404135338345865 0.0093984962406015 0.0093984962406015 0.0093984962406015 0.0093984962406015 0.0357142857142857 0.0093984962406015 0.0357142857142857 0.0093984962406015 0.0093984962406015 0.37781954887218 0.0093984962406015 0.0093984962406015 0.0620300751879699
0.0969387755102041 0.0255102040816327 0.0255102040816327 0.0255102040816327 0.0969387755102041 0.0255102040816327 0.0255102040816327 0.0255102040816327 0.525510204081633 0.0255102040816327 0.0255102040816327 0.0255102040816327 0.0255102040816327 0.0255102040816327
0.00333778371161549 0.00333778371161549 0.00333778371161549 0.0126835781041389 0.0874499332443258 0.00333778371161549 0.00333778371161549 0.0313751668891856 0.0220293724966622 0.554739652870494 0.0407209612817089 0.0126835781041389 0.00333778371161549 0.218291054739653
0.38265306122449 0.0255102040816327 0.0969387755102041 0.0255102040816327 0.0255102040816327 0.0255102040816327 0.0255102040816327 0.0255102040816327 0.0255102040816327 0.0255102040816327 0.0255102040816327 0.0255102040816327 0.239795918367347 0.0255102040816327
0.0357142857142857 0.0357142857142857 0.435714285714286 0.0357142857142857 0.0357142857142857 0.0357142857142857 0.0357142857142857 0.0357142857142857 0.135714285714286 0.0357142857142857 0.0357142857142857 0.0357142857142857 0.0357142857142857 0.0357142857142857
0.00965250965250965 0.712355212355212 0.144787644787645 0.00965250965250965 0.0366795366795367 0.00965250965250965 0.00965250965250965 0.00965250965250965 0.00965250965250965 0.00965250965250965 0.00965250965250965 0.00965250965250965 0.00965250965250965 0.00965250965250965
0.0297619047619048 0.0297619047619048 0.0297619047619048 0.0297619047619048 0.0297619047619048 0.0297619047619048 0.0297619047619048 0.0297619047619048 0.0297619047619048 0.0297619047619048 0.0297619047619048 0.0297619047619048 0.613095238095238 0.0297619047619048
0.37987012987013 0.0162337662337662 0.0162337662337662 0.107142857142857 0.0616883116883117 0.0162337662337662 0.0162337662337662 0.0616883116883117 0.107142857142857 0.107142857142857 0.0616883116883117 0.0162337662337662 0.0162337662337662 0.0162337662337662
0.00637755102040816 0.00637755102040816 0.00637755102040816 0.45280612244898 0.00637755102040816 0.0420918367346939 0.024234693877551 0.0599489795918367 0.0420918367346939 0.00637755102040816 0.00637755102040816 0.024234693877551 0.024234693877551 0.292091836734694
0.0255102040816327 0.0255102040816327 0.0255102040816327 0.0255102040816327 0.0255102040816327 0.0255102040816327 0.0255102040816327 0.0255102040816327 0.0255102040816327 0.0255102040816327 0.168367346938776 0.0969387755102041 0.454081632653061 0.0255102040816327
0.0297619047619048 0.0297619047619048 0.0297619047619048 0.0297619047619048 0.0297619047619048 0.0297619047619048 0.0297619047619048 0.613095238095238 0.0297619047619048 0.0297619047619048 0.0297619047619048 0.0297619047619048 0.0297619047619048 0.0297619047619048
0.0210084033613445 0.0210084033613445 0.0210084033613445 0.0210084033613445 0.0210084033613445 0.0210084033613445 0.0210084033613445 0.0210084033613445 0.0210084033613445 0.0210084033613445 0.0210084033613445 0.726890756302521 0.0210084033613445 0.0210084033613445
0.0678571428571429 0.0178571428571429 0.0678571428571429 0.0178571428571429 0.0178571428571429 0.0178571428571429 0.117857142857143 0.0178571428571429 0.517857142857143 0.0178571428571429 0.0178571428571429 0.0178571428571429 0.0678571428571429 0.0178571428571429
0.0535714285714286 0.394480519480519 0.00811688311688312 0.0308441558441558 0.00811688311688312 0.121753246753247 0.00811688311688312 0.00811688311688312 0.00811688311688312 0.212662337662338 0.00811688311688312 0.00811688311688312 0.00811688311688312 0.121753246753247
0.0446428571428571 0.0446428571428571 0.0446428571428571 0.0446428571428571 0.0446428571428571 0.419642857142857 0.0446428571428571 0.0446428571428571 0.0446428571428571 0.0446428571428571 0.0446428571428571 0.0446428571428571 0.0446428571428571 0.0446428571428571
0.018796992481203 0.018796992481203 0.018796992481203 0.018796992481203 0.018796992481203 0.018796992481203 0.334586466165413 0.43984962406015 0.018796992481203 0.018796992481203 0.018796992481203 0.018796992481203 0.018796992481203 0.018796992481203
0.350340136054422 0.0170068027210884 0.0170068027210884 0.0646258503401361 0.112244897959184 0.0170068027210884 0.0646258503401361 0.0646258503401361 0.0170068027210884 0.0170068027210884 0.0170068027210884 0.207482993197279 0.0170068027210884 0.0170068027210884
0.0210084033613445 0.0210084033613445 0.0210084033613445 0.0210084033613445 0.0210084033613445 0.0210084033613445 0.726890756302521 0.0210084033613445 0.0210084033613445 0.0210084033613445 0.0210084033613445 0.0210084033613445 0.0210084033613445 0.0210084033613445
0.0223214285714286 0.0223214285714286 0.0223214285714286 0.0223214285714286 0.459821428571429 0.0223214285714286 0.0223214285714286 0.209821428571429 0.0223214285714286 0.0223214285714286 0.0223214285714286 0.0223214285714286 0.0223214285714286 0.0848214285714286
0.396103896103896 0.0324675324675325 0.123376623376623 0.0324675324675325 0.0324675324675325 0.0324675324675325 0.0324675324675325 0.0324675324675325 0.0324675324675325 0.0324675324675325 0.0324675324675325 0.0324675324675325 0.123376623376623 0.0324675324675325
0.144088669950739 0.264778325123153 0.178571428571429 0.0233990147783251 0.126847290640394 0.109605911330049 0.0233990147783251 0.0233990147783251 0.0233990147783251 0.0406403940886699 0.0061576354679803 0.0061576354679803 0.0233990147783251 0.0061576354679803
0.00510204081632653 0.00510204081632653 0.0193877551020408 0.0908163265306122 0.0622448979591837 0.0765306122448979 0.00510204081632653 0.00510204081632653 0.00510204081632653 0.00510204081632653 0.0479591836734694 0.00510204081632653 0.319387755102041 0.347959183673469
0.116071428571429 0.0188492063492064 0.116071428571429 0.00496031746031746 0.00496031746031746 0.0327380952380952 0.366071428571429 0.0882936507936508 0.0466269841269841 0.171626984126984 0.00496031746031746 0.0188492063492064 0.00496031746031746 0.00496031746031746
0.0324675324675325 0.0324675324675325 0.305194805194805 0.0324675324675325 0.123376623376623 0.0324675324675325 0.0324675324675325 0.0324675324675325 0.0324675324675325 0.0324675324675325 0.214285714285714 0.0324675324675325 0.0324675324675325 0.0324675324675325
0.0210084033613445 0.0210084033613445 0.0210084033613445 0.0210084033613445 0.0798319327731093 0.0210084033613445 0.0210084033613445 0.0210084033613445 0.0210084033613445 0.0210084033613445 0.138655462184874 0.550420168067227 0.0210084033613445 0.0210084033613445
0.387218045112782 0.018796992481203 0.0714285714285714 0.018796992481203 0.018796992481203 0.018796992481203 0.0714285714285714 0.018796992481203 0.229323308270677 0.018796992481203 0.0714285714285714 0.018796992481203 0.018796992481203 0.018796992481203
0.0093984962406015 0.0093984962406015 0.0093984962406015 0.0620300751879699 0.0093984962406015 0.167293233082707 0.114661654135338 0.0357142857142857 0.0093984962406015 0.0620300751879699 0.0093984962406015 0.0093984962406015 0.325187969924812 0.167293233082707
0.0223214285714286 0.334821428571429 0.0223214285714286 0.0848214285714286 0.0848214285714286 0.0223214285714286 0.0223214285714286 0.0848214285714286 0.147321428571429 0.0223214285714286 0.0848214285714286 0.0223214285714286 0.0223214285714286 0.0223214285714286
0.18944099378882 0.015527950310559 0.015527950310559 0.015527950310559 0.015527950310559 0.015527950310559 0.015527950310559 0.015527950310559 0.015527950310559 0.0590062111801242 0.015527950310559 0.580745341614907 0.015527950310559 0.015527950310559
0.0255102040816327 0.0255102040816327 0.0255102040816327 0.0255102040816327 0.0969387755102041 0.239795918367347 0.0969387755102041 0.0255102040816327 0.0255102040816327 0.0255102040816327 0.0255102040816327 0.0255102040816327 0.311224489795918 0.0255102040816327
0.0178571428571429 0.0178571428571429 0.0178571428571429 0.0178571428571429 0.0178571428571429 0.0178571428571429 0.167857142857143 0.617857142857143 0.0178571428571429 0.0178571428571429 0.0178571428571429 0.0178571428571429 0.0178571428571429 0.0178571428571429
0.00463821892393321 0.0695732838589981 0.0176252319109462 0.0306122448979592 0.00463821892393321 0.134508348794063 0.0695732838589981 0.00463821892393321 0.00463821892393321 0.186456400742115 0.199443413729128 0.00463821892393321 0.0176252319109462 0.25139146567718
0.0297619047619048 0.0297619047619048 0.0297619047619048 0.113095238095238 0.0297619047619048 0.0297619047619048 0.0297619047619048 0.529761904761905 0.0297619047619048 0.0297619047619048 0.0297619047619048 0.0297619047619048 0.0297619047619048 0.0297619047619048
0.0255102040816327 0.0255102040816327 0.0255102040816327 0.0969387755102041 0.0255102040816327 0.0255102040816327 0.0255102040816327 0.0255102040816327 0.168367346938776 0.0255102040816327 0.0969387755102041 0.38265306122449 0.0255102040816327 0.0255102040816327
0.0170068027210884 0.0170068027210884 0.0170068027210884 0.0170068027210884 0.112244897959184 0.207482993197279 0.0170068027210884 0.397959183673469 0.112244897959184 0.0170068027210884 0.0170068027210884 0.0170068027210884 0.0170068027210884 0.0170068027210884
0.0178571428571429 0.0178571428571429 0.0178571428571429 0.0178571428571429 0.217857142857143 0.0178571428571429 0.0178571428571429 0.0178571428571429 0.0178571428571429 0.0178571428571429 0.567857142857143 0.0178571428571429 0.0178571428571429 0.0178571428571429
0.196428571428571 0.0297619047619048 0.113095238095238 0.196428571428571 0.196428571428571 0.0297619047619048 0.0297619047619048 0.0297619047619048 0.0297619047619048 0.0297619047619048 0.0297619047619048 0.0297619047619048 0.0297619047619048 0.0297619047619048
0.0105042016806723 0.069327731092437 0.0399159663865546 0.0105042016806723 0.0105042016806723 0.0105042016806723 0.0105042016806723 0.0105042016806723 0.0105042016806723 0.0105042016806723 0.0105042016806723 0.716386554621849 0.069327731092437 0.0105042016806723
0.0508658008658009 0.00541125541125541 0.00541125541125541 0.00541125541125541 0.00541125541125541 0.626623376623377 0.0357142857142857 0.00541125541125541 0.00541125541125541 0.0205627705627706 0.00541125541125541 0.00541125541125541 0.00541125541125541 0.217532467532468
0.0904761904761905 0.0238095238095238 0.0238095238095238 0.0904761904761905 0.223809523809524 0.223809523809524 0.0238095238095238 0.0238095238095238 0.0238095238095238 0.0238095238095238 0.0238095238095238 0.0238095238095238 0.157142857142857 0.0238095238095238
0.0223214285714286 0.0223214285714286 0.0223214285714286 0.0223214285714286 0.0223214285714286 0.0223214285714286 0.397321428571429 0.0223214285714286 0.334821428571429 0.0223214285714286 0.0223214285714286 0.0223214285714286 0.0223214285714286 0.0223214285714286
0.00915750915750916 0.0347985347985348 0.00915750915750916 0.0860805860805861 0.188644688644689 0.00915750915750916 0.0347985347985348 0.0347985347985348 0.00915750915750916 0.00915750915750916 0.00915750915750916 0.0604395604395604 0.0604395604395604 0.445054945054945
0.0969387755102041 0.0255102040816327 0.0255102040816327 0.0255102040816327 0.0255102040816327 0.0255102040816327 0.0255102040816327 0.0255102040816327 0.0255102040816327 0.0255102040816327 0.0255102040816327 0.0255102040816327 0.596938775510204 0.0255102040816327
0.373015873015873 0.0396825396825397 0.150793650793651 0.0396825396825397 0.0396825396825397 0.0396825396825397 0.0396825396825397 0.0396825396825397 0.0396825396825397 0.0396825396825397 0.0396825396825397 0.0396825396825397 0.0396825396825397 0.0396825396825397
0.0170068027210884 0.0170068027210884 0.0170068027210884 0.0170068027210884 0.0646258503401361 0.0170068027210884 0.0170068027210884 0.731292517006803 0.0170068027210884 0.0170068027210884 0.0170068027210884 0.0170068027210884 0.0170068027210884 0.0170068027210884
0.0446428571428571 0.0446428571428571 0.169642857142857 0.0446428571428571 0.169642857142857 0.0446428571428571 0.0446428571428571 0.0446428571428571 0.0446428571428571 0.0446428571428571 0.0446428571428571 0.0446428571428571 0.169642857142857 0.0446428571428571
