0.00925925925925926 0.0425925925925926 0.00925925925925926 0.00925925925925926 0.00925925925925926 0.575925925925926 0.0425925925925926 0.00925925925925926 0.00925925925925926 0.00925925925925926 0.109259259259259 0.00925925925925926 0.00925925925925926 0.00925925925925926 0.00925925925925926 0.00925925925925926 0.00925925925925926 0.109259259259259
0.127777777777778 0.0277777777777778 0.0277777777777778 0.127777777777778 0.0277777777777778 0.0277777777777778 0.127777777777778 0.227777777777778 0.0277777777777778 0.0277777777777778 0.0277777777777778 0.0277777777777778 0.0277777777777778 0.0277777777777778 0.0277777777777778 0.0277777777777778 0.0277777777777778 0.0277777777777778
0.0231481481481482 0.0231481481481482 0.0231481481481482 0.0231481481481482 0.0231481481481482 0.0231481481481482 0.0231481481481482 0.189814814814815 0.0231481481481482 0.356481481481481 0.0231481481481482 0.0231481481481482 0.0231481481481482 0.106481481481481 0.0231481481481482 0.0231481481481482 0.0231481481481482 0.0231481481481482
0.0308641975308642 0.0308641975308642 0.0308641975308642 0.0308641975308642 0.0308641975308642 0.0308641975308642 0.141975308641975 0.0308641975308642 0.141975308641975 0.0308641975308642 0.141975308641975 0.0308641975308642 0.141975308641975 0.0308641975308642 0.0308641975308642 0.0308641975308642 0.0308641975308642 0.0308641975308642
0.0185185185185185 0.0185185185185185 0.0185185185185185 0.0185185185185185 0.0185185185185185 0.0185185185185185 0.485185185185185 0.0185185185185185 0.151851851851852 0.0185185185185185 0.0185185185185185 0.0185185185185185 0.0185185185185185 0.0185185185185185 0.0851851851851852 0.0185185185185185 0.0185185185185185 0.0185185185185185
0.00730994152046784 0.00730994152046784 0.533625730994152 0.0599415204678363 0.0599415204678363 0.033625730994152 0.00730994152046784 0.191520467836257 0.00730994152046784 0.00730994152046784 0.00730994152046784 0.00730994152046784 0.00730994152046784 0.00730994152046784 0.00730994152046784 0.00730994152046784 0.00730994152046784 0.033625730994152
0.0277777777777778 0.0277777777777778 0.0277777777777778 0.0277777777777778 0.0277777777777778 0.0277777777777778 0.227777777777778 0.327777777777778 0.0277777777777778 0.0277777777777778 0.0277777777777778 0.0277777777777778 0.0277777777777778 0.0277777777777778 0.0277777777777778 0.0277777777777778 0.0277777777777778 0.0277777777777778
0.375925925925926 0.00925925925925926 0.00925925925925926 0.00925925925925926 0.0425925925925926 0.00925925925925926 0.00925925925925926 0.00925925925925926 0.00925925925925926 0.00925925925925926 0.00925925925925926 0.00925925925925926 0.00925925925925926 0.00925925925925926 0.00925925925925926 0.442592592592593 0.00925925925925926 0.00925925925925926
0.0277777777777778 0.0277777777777778 0.0277777777777778 0.0277777777777778 0.0277777777777778 0.0277777777777778 0.0277777777777778 0.0277777777777778 0.0277777777777778 0.0277777777777778 0.0277777777777778 0.227777777777778 0.127777777777778 0.127777777777778 0.0277777777777778 0.0277777777777778 0.127777777777778 0.0277777777777778
0.00496031746031746 0.00496031746031746 0.00496031746031746 0.754960317460317 0.00496031746031746 0.00496031746031746 0.00496031746031746 0.00496031746031746 0.00496031746031746 0.0406746031746032 0.00496031746031746 0.00496031746031746 0.129960317460317 0.00496031746031746 0.00496031746031746 0.00496031746031746 0.00496031746031746 0.00496031746031746
0.00617283950617284 0.00617283950617284 0.00617283950617284 0.00617283950617284 0.0283950617283951 0.00617283950617284 0.00617283950617284 0.00617283950617284 0.00617283950617284 0.0506172839506173 0.00617283950617284 0.00617283950617284 0.00617283950617284 0.783950617283951 0.00617283950617284 0.0283950617283951 0.00617283950617284 0.0283950617283951
0.0751633986928105 0.0163398692810458 0.0163398692810458 0.0163398692810458 0.0163398692810458 0.0163398692810458 0.428104575163399 0.0163398692810458 0.19281045751634 0.0163398692810458 0.0163398692810458 0.0163398692810458 0.0163398692810458 0.0163398692810458 0.0751633986928105 0.0163398692810458 0.0163398692810458 0.0163398692810458
0.00868055555555556 0.00868055555555556 0.00868055555555556 0.00868055555555556 0.00868055555555556 0.00868055555555556 0.00868055555555556 0.0711805555555556 0.00868055555555556 0.00868055555555556 0.00868055555555556 0.789930555555556 0.00868055555555556 0.00868055555555556 0.00868055555555556 0.00868055555555556 0.00868055555555556 0.00868055555555556
0.0347222222222222 0.0347222222222222 0.0347222222222222 0.0347222222222222 0.0347222222222222 0.0347222222222222 0.0347222222222222 0.284722222222222 0.0347222222222222 0.0347222222222222 0.0347222222222222 0.159722222222222 0.0347222222222222 0.0347222222222222 0.0347222222222222 0.0347222222222222 0.0347222222222222 0.0347222222222222
0.0173611111111111 0.0173611111111111 0.0173611111111111 0.0173611111111111 0.0173611111111111 0.0173611111111111 0.454861111111111 0.0798611111111111 0.0173611111111111 0.0173611111111111 0.0173611111111111 0.0173611111111111 0.0173611111111111 0.0173611111111111 0.0173611111111111 0.204861111111111 0.0173611111111111 0.0173611111111111
0.182539682539683 0.0396825396825397 0.0396825396825397 0.0396825396825397 0.0396825396825397 0.182539682539683 0.0396825396825397 0.0396825396825397 0.0396825396825397 0.0396825396825397 0.0396825396825397 0.0396825396825397 0.0396825396825397 0.0396825396825397 0.0396825396825397 0.0396825396825397 0.0396825396825397 0.0396825396825397
0.0154320987654321 0.0154320987654321 0.0154320987654321 0.0154320987654321 0.182098765432099 0.0154320987654321 0.0154320987654321 0.0154320987654321 0.0154320987654321 0.0154320987654321 0.404320987654321 0.0154320987654321 0.0154320987654321 0.0709876543209877 0.0154320987654321 0.0709876543209877 0.0154320987654321 0.0709876543209877
0.10573476702509 0.00896057347670251 0.00896057347670251 0.00896057347670251 0.00896057347670251 0.00896057347670251 0.00896057347670251 0.00896057347670251 0.10573476702509 0.00896057347670251 0.0412186379928315 0.0412186379928315 0.589605734767025 0.00896057347670251 0.00896057347670251 0.00896057347670251 0.00896057347670251 0.00896057347670251
0.0154320987654321 0.0154320987654321 0.0154320987654321 0.0154320987654321 0.0154320987654321 0.0154320987654321 0.0154320987654321 0.0154320987654321 0.0154320987654321 0.0154320987654321 0.515432098765432 0.0709876543209877 0.182098765432099 0.0154320987654321 0.0154320987654321 0.0154320987654321 0.0154320987654321 0.0154320987654321
0.0709876543209877 0.0154320987654321 0.0154320987654321 0.0154320987654321 0.0154320987654321 0.182098765432099 0.0154320987654321 0.0154320987654321 0.182098765432099 0.126543209876543 0.0154320987654321 0.0154320987654321 0.126543209876543 0.0154320987654321 0.126543209876543 0.0154320987654321 0.0154320987654321 0.0154320987654321
0.0213675213675214 0.0213675213675214 0.0213675213675214 0.0213675213675214 0.0213675213675214 0.0982905982905983 0.0982905982905983 0.0213675213675214 0.0213675213675214 0.0213675213675214 0.0213675213675214 0.0213675213675214 0.0213675213675214 0.0982905982905983 0.405982905982906 0.0213675213675214 0.0213675213675214 0.0213675213675214
0.0277777777777778 0.0277777777777778 0.0277777777777778 0.427777777777778 0.0277777777777778 0.0277777777777778 0.0277777777777778 0.0277777777777778 0.0277777777777778 0.0277777777777778 0.0277777777777778 0.0277777777777778 0.0277777777777778 0.0277777777777778 0.127777777777778 0.0277777777777778 0.0277777777777778 0.0277777777777778
0.0213675213675214 0.0213675213675214 0.55982905982906 0.0213675213675214 0.0982905982905983 0.0213675213675214 0.0213675213675214 0.0213675213675214 0.0213675213675214 0.0213675213675214 0.0213675213675214 0.0213675213675214 0.0213675213675214 0.0213675213675214 0.0213675213675214 0.0213675213675214 0.0213675213675214 0.0213675213675214
0.0150326797385621 0.00326797385620915 0.00326797385620915 0.00326797385620915 0.00326797385620915 0.038562091503268 0.0738562091503268 0.0150326797385621 0.297385620915033 0.00326797385620915 0.0856209150326797 0.0150326797385621 0.00326797385620915 0.0150326797385621 0.16797385620915 0.00326797385620915 0.00326797385620915 0.250326797385621
0.00448028673835125 0.472222222222222 0.00448028673835125 0.00448028673835125 0.00448028673835125 0.00448028673835125 0.00448028673835125 0.00448028673835125 0.00448028673835125 0.0851254480286738 0.00448028673835125 0.101254480286738 0.262544802867384 0.0206093189964158 0.00448028673835125 0.00448028673835125 0.00448028673835125 0.00448028673835125
0.00992063492063492 0.00992063492063492 0.795634920634921 0.00992063492063492 0.00992063492063492 0.00992063492063492 0.00992063492063492 0.00992063492063492 0.0456349206349206 0.00992063492063492 0.00992063492063492 0.00992063492063492 0.00992063492063492 0.00992063492063492 0.00992063492063492 0.00992063492063492 0.00992063492063492 0.00992063492063492
0.164930555555556 0.0399305555555556 0.00868055555555556 0.00868055555555556 0.00868055555555556 0.00868055555555556 0.0399305555555556 0.0399305555555556 0.0399305555555556 0.0711805555555556 0.0399305555555556 0.00868055555555556 0.0399305555555556 0.00868055555555556 0.446180555555556 0.00868055555555556 0.00868055555555556 0.00868055555555556
0.0252525252525253 0.0252525252525253 0.116161616161616 0.0252525252525253 0.207070707070707 0.0252525252525253 0.0252525252525253 0.0252525252525253 0.0252525252525253 0.0252525252525253 0.297979797979798 0.0252525252525253 0.0252525252525253 0.0252525252525253 0.0252525252525253 0.0252525252525253 0.0252525252525253 0.0252525252525253
0.0163398692810458 0.0163398692810458 0.0163398692810458 0.0163398692810458 0.0163398692810458 0.0751633986928105 0.0163398692810458 0.604575163398693 0.0163398692810458 0.0163398692810458 0.0163398692810458 0.0163398692810458 0.0163398692810458 0.0163398692810458 0.0751633986928105 0.0163398692810458 0.0163398692810458 0.0163398692810458
0.0231481481481482 0.0231481481481482 0.106481481481481 0.0231481481481482 0.106481481481481 0.0231481481481482 0.273148148148148 0.0231481481481482 0.0231481481481482 0.0231481481481482 0.0231481481481482 0.106481481481481 0.106481481481481 0.0231481481481482 0.0231481481481482 0.0231481481481482 0.0231481481481482 0.0231481481481482
0.0106837606837607 0.0106837606837607 0.0106837606837607 0.0491452991452991 0.0491452991452991 0.0106837606837607 0.241452991452991 0.0106837606837607 0.0106837606837607 0.126068376068376 0.0491452991452991 0.0106837606837607 0.0491452991452991 0.0106837606837607 0.27991452991453 0.0106837606837607 0.0491452991452991 0.0106837606837607
0.00730994152046784 0.00730994152046784 0.244152046783626 0.00730994152046784 0.00730994152046784 0.033625730994152 0.033625730994152 0.00730994152046784 0.00730994152046784 0.00730994152046784 0.00730994152046784 0.00730994152046784 0.00730994152046784 0.00730994152046784 0.00730994152046784 0.0862573099415205 0.27046783625731 0.244152046783626
0.0396825396825397 0.0396825396825397 0.0396825396825397 0.0396825396825397 0.0396825396825397 0.0396825396825397 0.0396825396825397 0.325396825396825 0.0396825396825397 0.0396825396825397 0.0396825396825397 0.0396825396825397 0.0396825396825397 0.0396825396825397 0.0396825396825397 0.0396825396825397 0.0396825396825397 0.0396825396825397
0.0213675213675214 0.0213675213675214 0.0213675213675214 0.0213675213675214 0.0213675213675214 0.0982905982905983 0.175213675213675 0.0213675213675214 0.0213675213675214 0.0982905982905983 0.0213675213675214 0.0213675213675214 0.329059829059829 0.0213675213675214 0.0213675213675214 0.0213675213675214 0.0213675213675214 0.0213675213675214
0.0111111111111111 0.211111111111111 0.0111111111111111 0.171111111111111 0.0111111111111111 0.0111111111111111 0.0111111111111111 0.0111111111111111 0.0111111111111111 0.131111111111111 0.0111111111111111 0.0111111111111111 0.0111111111111111 0.0111111111111111 0.171111111111111 0.171111111111111 0.0111111111111111 0.0111111111111111
0.00524109014675052 0.0241090146750524 0.0241090146750524 0.00524109014675052 0.00524109014675052 0.0429769392033543 0.0241090146750524 0.288259958071279 0.00524109014675052 0.0241090146750524 0.0241090146750524 0.0241090146750524 0.0618448637316562 0.307127882599581 0.00524109014675052 0.00524109014675052 0.0807127882599581 0.0429769392033543
0.0425925925925926 0.00925925925925926 0.00925925925925926 0.00925925925925926 0.00925925925925926 0.00925925925925926 0.00925925925925926 0.709259259259259 0.00925925925925926 0.00925925925925926 0.00925925925925926 0.00925925925925926 0.00925925925925926 0.0759259259259259 0.00925925925925926 0.00925925925925926 0.00925925925925926 0.0425925925925926
0.0252525252525253 0.0252525252525253 0.0252525252525253 0.0252525252525253 0.297979797979798 0.0252525252525253 0.0252525252525253 0.0252525252525253 0.0252525252525253 0.116161616161616 0.0252525252525253 0.0252525252525253 0.0252525252525253 0.0252525252525253 0.0252525252525253 0.207070707070707 0.0252525252525253 0.0252525252525253
0.00380517503805175 0.0722983257229833 0.058599695585997 0.00380517503805175 0.00380517503805175 0.00380517503805175 0.0312024353120244 0.0175038051750381 0.00380517503805175 0.00380517503805175 0.0175038051750381 0.0175038051750381 0.414764079147641 0.00380517503805175 0.00380517503805175 0.00380517503805175 0.00380517503805175 0.332572298325723
0.224206349206349 0.00992063492063492 0.00992063492063492 0.00992063492063492 0.0813492063492064 0.00992063492063492 0.224206349206349 0.00992063492063492 0.152777777777778 0.152777777777778 0.0456349206349206 0.00992063492063492 0.00992063492063492 0.00992063492063492 0.00992063492063492 0.00992063492063492 0.00992063492063492 0.00992063492063492
0.00677506775067751 0.00677506775067751 0.00677506775067751 0.00677506775067751 0.0311653116531165 0.128726287262873 0.00677506775067751 0.00677506775067751 0.68970189701897 0.00677506775067751 0.00677506775067751 0.00677506775067751 0.00677506775067751 0.00677506775067751 0.00677506775067751 0.00677506775067751 0.00677506775067751 0.0555555555555556
0.469907407407407 0.0115740740740741 0.0115740740740741 0.0115740740740741 0.0115740740740741 0.0115740740740741 0.0115740740740741 0.0115740740740741 0.0115740740740741 0.0115740740740741 0.0532407407407407 0.0115740740740741 0.0115740740740741 0.0115740740740741 0.0115740740740741 0.303240740740741 0.0115740740740741 0.0115740740740741
0.00487329434697856 0.00487329434697856 0.00487329434697856 0.724171539961014 0.00487329434697856 0.00487329434697856 0.00487329434697856 0.00487329434697856 0.00487329434697856 0.0750487329434698 0.00487329434697856 0.00487329434697856 0.127680311890838 0.00487329434697856 0.00487329434697856 0.00487329434697856 0.00487329434697856 0.00487329434697856
0.0308641975308642 0.0308641975308642 0.0308641975308642 0.0308641975308642 0.0308641975308642 0.0308641975308642 0.0308641975308642 0.0308641975308642 0.0308641975308642 0.0308641975308642 0.475308641975309 0.0308641975308642 0.0308641975308642 0.0308641975308642 0.0308641975308642 0.0308641975308642 0.0308641975308642 0.0308641975308642
0.0231481481481482 0.0231481481481482 0.0231481481481482 0.0231481481481482 0.0231481481481482 0.106481481481481 0.0231481481481482 0.0231481481481482 0.106481481481481 0.0231481481481482 0.0231481481481482 0.0231481481481482 0.189814814814815 0.0231481481481482 0.0231481481481482 0.106481481481481 0.189814814814815 0.0231481481481482
0.0126262626262626 0.0126262626262626 0.0126262626262626 0.0126262626262626 0.0126262626262626 0.0126262626262626 0.0126262626262626 0.0126262626262626 0.0126262626262626 0.0126262626262626 0.0126262626262626 0.0580808080808081 0.603535353535354 0.0126262626262626 0.0580808080808081 0.0580808080808081 0.0580808080808081 0.0126262626262626
0.0231481481481482 0.0231481481481482 0.439814814814815 0.0231481481481482 0.189814814814815 0.0231481481481482 0.0231481481481482 0.0231481481481482 0.0231481481481482 0.0231481481481482 0.0231481481481482 0.0231481481481482 0.0231481481481482 0.0231481481481482 0.0231481481481482 0.0231481481481482 0.0231481481481482 0.0231481481481482
0.189814814814815 0.0231481481481482 0.439814814814815 0.0231481481481482 0.0231481481481482 0.0231481481481482 0.0231481481481482 0.0231481481481482 0.0231481481481482 0.0231481481481482 0.0231481481481482 0.0231481481481482 0.0231481481481482 0.0231481481481482 0.0231481481481482 0.0231481481481482 0.0231481481481482 0.0231481481481482
0.0252525252525253 0.0252525252525253 0.0252525252525253 0.0252525252525253 0.0252525252525253 0.0252525252525253 0.0252525252525253 0.570707070707071 0.0252525252525253 0.0252525252525253 0.0252525252525253 0.0252525252525253 0.0252525252525253 0.0252525252525253 0.0252525252525253 0.0252525252525253 0.0252525252525253 0.0252525252525253
0.0185185185185185 0.0185185185185185 0.0185185185185185 0.0185185185185185 0.351851851851852 0.0185185185185185 0.0185185185185185 0.0185185185185185 0.0185185185185185 0.0185185185185185 0.0185185185185185 0.151851851851852 0.0185185185185185 0.218518518518519 0.0185185185185185 0.0185185185185185 0.0185185185185185 0.0185185185185185
0.0163398692810458 0.0163398692810458 0.0163398692810458 0.0163398692810458 0.0163398692810458 0.428104575163399 0.0163398692810458 0.0751633986928105 0.0163398692810458 0.0163398692810458 0.0163398692810458 0.19281045751634 0.0163398692810458 0.0163398692810458 0.0163398692810458 0.0163398692810458 0.0163398692810458 0.0751633986928105
0.664251207729469 0.0120772946859903 0.0120772946859903 0.0120772946859903 0.0555555555555556 0.0120772946859903 0.0120772946859903 0.0120772946859903 0.0120772946859903 0.0120772946859903 0.0555555555555556 0.0120772946859903 0.0120772946859903 0.0555555555555556 0.0120772946859903 0.0120772946859903 0.0120772946859903 0.0120772946859903
0.0798611111111111 0.0173611111111111 0.0173611111111111 0.0798611111111111 0.0173611111111111 0.267361111111111 0.267361111111111 0.0173611111111111 0.0173611111111111 0.0173611111111111 0.0798611111111111 0.0173611111111111 0.0173611111111111 0.0173611111111111 0.0173611111111111 0.0173611111111111 0.0173611111111111 0.0173611111111111
0.0185185185185185 0.0185185185185185 0.0185185185185185 0.0185185185185185 0.0185185185185185 0.0185185185185185 0.0851851851851852 0.0185185185185185 0.0185185185185185 0.0185185185185185 0.0851851851851852 0.0185185185185185 0.551851851851852 0.0185185185185185 0.0185185185185185 0.0185185185185185 0.0185185185185185 0.0185185185185185
0.0396825396825397 0.0396825396825397 0.0396825396825397 0.0396825396825397 0.182539682539683 0.182539682539683 0.0396825396825397 0.0396825396825397 0.0396825396825397 0.0396825396825397 0.0396825396825397 0.0396825396825397 0.0396825396825397 0.0396825396825397 0.0396825396825397 0.0396825396825397 0.0396825396825397 0.0396825396825397
0.0173611111111111 0.0173611111111111 0.0173611111111111 0.0173611111111111 0.204861111111111 0.0173611111111111 0.0173611111111111 0.0173611111111111 0.204861111111111 0.0173611111111111 0.0173611111111111 0.204861111111111 0.0173611111111111 0.0173611111111111 0.0173611111111111 0.0173611111111111 0.142361111111111 0.0173611111111111
0.23989898989899 0.0126262626262626 0.0126262626262626 0.0580808080808081 0.467171717171717 0.0126262626262626 0.0580808080808081 0.0126262626262626 0.0126262626262626 0.0126262626262626 0.0126262626262626 0.0126262626262626 0.0126262626262626 0.0126262626262626 0.0126262626262626 0.0126262626262626 0.0126262626262626 0.0126262626262626
0.218518518518519 0.0185185185185185 0.0185185185185185 0.0185185185185185 0.0185185185185185 0.151851851851852 0.351851851851852 0.0185185185185185 0.0185185185185185 0.0185185185185185 0.0185185185185185 0.0185185185185185 0.0185185185185185 0.0185185185185185 0.0185185185185185 0.0185185185185185 0.0185185185185185 0.0185185185185185
0.0406746031746032 0.00496031746031746 0.00496031746031746 0.701388888888889 0.00496031746031746 0.00496031746031746 0.00496031746031746 0.00496031746031746 0.00496031746031746 0.058531746031746 0.00496031746031746 0.00496031746031746 0.0942460317460317 0.00496031746031746 0.00496031746031746 0.00496031746031746 0.0406746031746032 0.00496031746031746
0.0876068376068376 0.0106837606837607 0.0106837606837607 0.0106837606837607 0.0106837606837607 0.0876068376068376 0.0491452991452991 0.0106837606837607 0.0106837606837607 0.0106837606837607 0.0106837606837607 0.0491452991452991 0.0106837606837607 0.0106837606837607 0.587606837606838 0.0106837606837607 0.0106837606837607 0.0106837606837607
0.00505050505050505 0.114141414141414 0.00505050505050505 0.00505050505050505 0.00505050505050505 0.405050505050505 0.00505050505050505 0.00505050505050505 0.00505050505050505 0.00505050505050505 0.00505050505050505 0.0595959595959596 0.00505050505050505 0.00505050505050505 0.00505050505050505 0.00505050505050505 0.0232323232323232 0.332323232323232
0.0185185185185185 0.0185185185185185 0.151851851851852 0.0185185185185185 0.0185185185185185 0.151851851851852 0.151851851851852 0.0851851851851852 0.0185185185185185 0.151851851851852 0.0185185185185185 0.0185185185185185 0.0185185185185185 0.0851851851851852 0.0185185185185185 0.0185185185185185 0.0185185185185185 0.0185185185185185
0.0146198830409357 0.0146198830409357 0.0672514619883041 0.0146198830409357 0.0146198830409357 0.0146198830409357 0.0672514619883041 0.0146198830409357 0.435672514619883 0.0672514619883041 0.172514619883041 0.0146198830409357 0.0146198830409357 0.0146198830409357 0.0146198830409357 0.0146198830409357 0.0146198830409357 0.0146198830409357
0.0462962962962963 0.0462962962962963 0.0462962962962963 0.0462962962962963 0.0462962962962963 0.0462962962962963 0.0462962962962963 0.0462962962962963 0.212962962962963 0.0462962962962963 0.0462962962962963 0.0462962962962963 0.0462962962962963 0.0462962962962963 0.0462962962962963 0.0462962962962963 0.0462962962962963 0.0462962962962963
0.0146198830409357 0.0146198830409357 0.0146198830409357 0.0672514619883041 0.277777777777778 0.119883040935673 0.0146198830409357 0.0672514619883041 0.0146198830409357 0.0146198830409357 0.0146198830409357 0.0146198830409357 0.172514619883041 0.0146198830409357 0.0672514619883041 0.0672514619883041 0.0146198830409357 0.0146198830409357
0.0102880658436214 0.0102880658436214 0.491769547325103 0.0102880658436214 0.0102880658436214 0.0473251028806584 0.0102880658436214 0.0102880658436214 0.0102880658436214 0.0102880658436214 0.0102880658436214 0.0102880658436214 0.0102880658436214 0.0473251028806584 0.0102880658436214 0.0102880658436214 0.0102880658436214 0.269547325102881
0.00841750841750842 0.00841750841750842 0.069023569023569 0.00841750841750842 0.00841750841750842 0.00841750841750842 0.00841750841750842 0.00841750841750842 0.00841750841750842 0.00841750841750842 0.00841750841750842 0.0387205387205387 0.00841750841750842 0.00841750841750842 0.765993265993266 0.00841750841750842 0.00841750841750842 0.00841750841750842
0.0163398692810458 0.0163398692810458 0.0163398692810458 0.0163398692810458 0.0163398692810458 0.0163398692810458 0.310457516339869 0.428104575163399 0.0163398692810458 0.0163398692810458 0.0163398692810458 0.0163398692810458 0.0163398692810458 0.0163398692810458 0.0163398692810458 0.0163398692810458 0.0163398692810458 0.0163398692810458
0.0173611111111111 0.0173611111111111 0.0173611111111111 0.0173611111111111 0.0173611111111111 0.204861111111111 0.0173611111111111 0.0173611111111111 0.0173611111111111 0.0173611111111111 0.0173611111111111 0.0173611111111111 0.0173611111111111 0.0173611111111111 0.517361111111111 0.0173611111111111 0.0173611111111111 0.0173611111111111
0.175213675213675 0.0213675213675214 0.0213675213675214 0.0213675213675214 0.0213675213675214 0.0982905982905983 0.0213675213675214 0.0213675213675214 0.0213675213675214 0.0213675213675214 0.0213675213675214 0.0213675213675214 0.329059829059829 0.0213675213675214 0.0213675213675214 0.0213675213675214 0.0982905982905983 0.0213675213675214
0.0154320987654321 0.237654320987654 0.29320987654321 0.0154320987654321 0.0154320987654321 0.0154320987654321 0.182098765432099 0.0154320987654321 0.0154320987654321 0.0154320987654321 0.0709876543209877 0.0154320987654321 0.0154320987654321 0.0154320987654321 0.0154320987654321 0.0154320987654321 0.0154320987654321 0.0154320987654321
0.00841750841750842 0.00841750841750842 0.00841750841750842 0.0387205387205387 0.0993265993265993 0.00841750841750842 0.00841750841750842 0.00841750841750842 0.069023569023569 0.00841750841750842 0.0387205387205387 0.00841750841750842 0.00841750841750842 0.462962962962963 0.069023569023569 0.00841750841750842 0.12962962962963 0.00841750841750842
0.0179968701095462 0.187010954616588 0.0179968701095462 0.00391236306729264 0.00391236306729264 0.0320813771517997 0.102503912363067 0.00391236306729264 0.341940532081377 0.00391236306729264 0.0320813771517997 0.0461658841940532 0.00391236306729264 0.00391236306729264 0.0884194053208138 0.00391236306729264 0.00391236306729264 0.102503912363067
0.00925925925925926 0.109259259259259 0.00925925925925926 0.00925925925925926 0.242592592592593 0.0425925925925926 0.342592592592593 0.00925925925925926 0.00925925925925926 0.0425925925925926 0.0425925925925926 0.00925925925925926 0.0759259259259259 0.00925925925925926 0.00925925925925926 0.00925925925925926 0.00925925925925926 0.00925925925925926
0.00555555555555556 0.0855555555555556 0.305555555555556 0.00555555555555556 0.00555555555555556 0.0855555555555556 0.00555555555555556 0.00555555555555556 0.00555555555555556 0.00555555555555556 0.00555555555555556 0.0855555555555556 0.00555555555555556 0.0455555555555556 0.00555555555555556 0.00555555555555556 0.0655555555555555 0.265555555555556
0.0347222222222222 0.0347222222222222 0.159722222222222 0.0347222222222222 0.0347222222222222 0.0347222222222222 0.0347222222222222 0.284722222222222 0.0347222222222222 0.0347222222222222 0.0347222222222222 0.0347222222222222 0.0347222222222222 0.0347222222222222 0.0347222222222222 0.0347222222222222 0.0347222222222222 0.0347222222222222
0.0396825396825397 0.0396825396825397 0.0396825396825397 0.0396825396825397 0.0396825396825397 0.0396825396825397 0.0396825396825397 0.325396825396825 0.0396825396825397 0.0396825396825397 0.0396825396825397 0.0396825396825397 0.0396825396825397 0.0396825396825397 0.0396825396825397 0.0396825396825397 0.0396825396825397 0.0396825396825397
0.0173611111111111 0.0173611111111111 0.0173611111111111 0.0173611111111111 0.0173611111111111 0.0173611111111111 0.0173611111111111 0.0173611111111111 0.0173611111111111 0.642361111111111 0.0173611111111111 0.0173611111111111 0.0173611111111111 0.0173611111111111 0.0173611111111111 0.0173611111111111 0.0798611111111111 0.0173611111111111
0.0198412698412698 0.0198412698412698 0.0198412698412698 0.0198412698412698 0.0198412698412698 0.0198412698412698 0.0198412698412698 0.0198412698412698 0.0198412698412698 0.0198412698412698 0.0198412698412698 0.234126984126984 0.448412698412698 0.0198412698412698 0.0198412698412698 0.0198412698412698 0.0198412698412698 0.0198412698412698
0.00631313131313131 0.119949494949495 0.00631313131313131 0.00631313131313131 0.029040404040404 0.00631313131313131 0.00631313131313131 0.00631313131313131 0.00631313131313131 0.00631313131313131 0.00631313131313131 0.00631313131313131 0.233585858585859 0.506313131313131 0.00631313131313131 0.00631313131313131 0.029040404040404 0.00631313131313131
0.0132275132275132 0.0132275132275132 0.0132275132275132 0.0132275132275132 0.0132275132275132 0.0132275132275132 0.0132275132275132 0.0132275132275132 0.0132275132275132 0.298941798941799 0.0132275132275132 0.0132275132275132 0.489417989417989 0.0132275132275132 0.0132275132275132 0.0132275132275132 0.0132275132275132 0.0132275132275132
0.0982905982905983 0.0213675213675214 0.0213675213675214 0.0213675213675214 0.0213675213675214 0.0213675213675214 0.0213675213675214 0.252136752136752 0.0213675213675214 0.0213675213675214 0.175213675213675 0.0213675213675214 0.0213675213675214 0.175213675213675 0.0213675213675214 0.0213675213675214 0.0213675213675214 0.0213675213675214
0.00262054507337526 0.361111111111111 0.0120545073375262 0.00262054507337526 0.00262054507337526 0.0969601677148847 0.04979035639413 0.00262054507337526 0.00262054507337526 0.00262054507337526 0.0214884696016771 0.00262054507337526 0.00262054507337526 0.00262054507337526 0.0120545073375262 0.417714884696017 0.00262054507337526 0.00262054507337526
0.00896057347670251 0.0412186379928315 0.460573476702509 0.00896057347670251 0.00896057347670251 0.0412186379928315 0.10573476702509 0.0412186379928315 0.00896057347670251 0.00896057347670251 0.00896057347670251 0.00896057347670251 0.170250896057348 0.00896057347670251 0.0412186379928315 0.00896057347670251 0.00896057347670251 0.00896057347670251
0.00793650793650794 0.207936507936508 0.0365079365079365 0.00793650793650794 0.179365079365079 0.236507936507937 0.00793650793650794 0.0365079365079365 0.00793650793650794 0.0365079365079365 0.00793650793650794 0.0936507936507937 0.00793650793650794 0.00793650793650794 0.00793650793650794 0.00793650793650794 0.00793650793650794 0.0936507936507937
0.00455373406193078 0.00455373406193078 0.00455373406193078 0.00455373406193078 0.00455373406193078 0.00455373406193078 0.00455373406193078 0.00455373406193078 0.00455373406193078 0.0209471766848816 0.0209471766848816 0.00455373406193078 0.00455373406193078 0.807832422586521 0.0865209471766849 0.00455373406193078 0.00455373406193078 0.00455373406193078
0.285529715762274 0.239018087855297 0.00645994832041344 0.00645994832041344 0.0297157622739018 0.00645994832041344 0.122739018087855 0.00645994832041344 0.0297157622739018 0.00645994832041344 0.00645994832041344 0.00645994832041344 0.0297157622739018 0.19250645994832 0.00645994832041344 0.00645994832041344 0.00645994832041344 0.00645994832041344
0.00555555555555556 0.00555555555555556 0.00555555555555556 0.00555555555555556 0.165555555555556 0.00555555555555556 0.0255555555555556 0.00555555555555556 0.0255555555555556 0.00555555555555556 0.00555555555555556 0.00555555555555556 0.00555555555555556 0.0255555555555556 0.125555555555556 0.00555555555555556 0.00555555555555556 0.565555555555556
0.0277777777777778 0.0277777777777778 0.0277777777777778 0.0277777777777778 0.427777777777778 0.127777777777778 0.0277777777777778 0.0277777777777778 0.0277777777777778 0.0277777777777778 0.0277777777777778 0.0277777777777778 0.0277777777777778 0.0277777777777778 0.0277777777777778 0.0277777777777778 0.0277777777777778 0.0277777777777778
0.0154320987654321 0.0154320987654321 0.0154320987654321 0.0154320987654321 0.0154320987654321 0.0154320987654321 0.0154320987654321 0.0154320987654321 0.0154320987654321 0.0154320987654321 0.626543209876543 0.0154320987654321 0.0154320987654321 0.0154320987654321 0.126543209876543 0.0154320987654321 0.0154320987654321 0.0154320987654321
0.0798611111111111 0.0173611111111111 0.0173611111111111 0.0173611111111111 0.0173611111111111 0.0173611111111111 0.0798611111111111 0.0173611111111111 0.0173611111111111 0.0798611111111111 0.0173611111111111 0.0173611111111111 0.0173611111111111 0.0173611111111111 0.0173611111111111 0.517361111111111 0.0173611111111111 0.0173611111111111
0.00645994832041344 0.0297157622739018 0.00645994832041344 0.00645994832041344 0.0297157622739018 0.0297157622739018 0.448320413436693 0.00645994832041344 0.0297157622739018 0.00645994832041344 0.0529715762273902 0.00645994832041344 0.00645994832041344 0.00645994832041344 0.262273901808786 0.0529715762273902 0.00645994832041344 0.00645994832041344
0.0198412698412698 0.0198412698412698 0.0198412698412698 0.0198412698412698 0.0198412698412698 0.0198412698412698 0.0198412698412698 0.0198412698412698 0.0198412698412698 0.376984126984127 0.0198412698412698 0.0198412698412698 0.305555555555556 0.0198412698412698 0.0198412698412698 0.0198412698412698 0.0198412698412698 0.0198412698412698
0.0308641975308642 0.0308641975308642 0.0308641975308642 0.0308641975308642 0.141975308641975 0.0308641975308642 0.0308641975308642 0.253086419753086 0.0308641975308642 0.0308641975308642 0.0308641975308642 0.141975308641975 0.0308641975308642 0.0308641975308642 0.0308641975308642 0.0308641975308642 0.0308641975308642 0.0308641975308642
0.0163398692810458 0.0163398692810458 0.0163398692810458 0.0163398692810458 0.0751633986928105 0.0163398692810458 0.0163398692810458 0.604575163398693 0.0163398692810458 0.0163398692810458 0.0163398692810458 0.0163398692810458 0.0163398692810458 0.0163398692810458 0.0163398692810458 0.0751633986928105 0.0163398692810458 0.0163398692810458
0.0462962962962963 0.0462962962962963 0.0462962962962963 0.0462962962962963 0.0462962962962963 0.0462962962962963 0.0462962962962963 0.0462962962962963 0.0462962962962963 0.0462962962962963 0.0462962962962963 0.0462962962962963 0.0462962962962963 0.0462962962962963 0.0462962962962963 0.212962962962963 0.0462962962962963 0.0462962962962963
0.0185185185185185 0.0185185185185185 0.0851851851851852 0.0185185185185185 0.0185185185185185 0.218518518518519 0.0185185185185185 0.218518518518519 0.0185185185185185 0.0185185185185185 0.218518518518519 0.0185185185185185 0.0185185185185185 0.0185185185185185 0.0185185185185185 0.0185185185185185 0.0185185185185185 0.0185185185185185
0.00771604938271605 0.00771604938271605 0.00771604938271605 0.00771604938271605 0.174382716049383 0.00771604938271605 0.00771604938271605 0.00771604938271605 0.563271604938272 0.00771604938271605 0.00771604938271605 0.00771604938271605 0.00771604938271605 0.0354938271604938 0.0632716049382716 0.00771604938271605 0.00771604938271605 0.0632716049382716
0.00197005516154452 0.00197005516154452 0.0799842395587076 0.00197005516154452 0.264381402679275 0.00906225374310481 0.00197005516154452 0.0516154452324665 0.00197005516154452 0.00197005516154452 0.00197005516154452 0.0161544523246651 0.00197005516154452 0.0587076438140268 0.00197005516154452 0.0516154452324665 0.14381402679275 0.306934594168637
0.00816993464052288 0.125816993464052 0.00816993464052288 0.00816993464052288 0.125816993464052 0.00816993464052288 0.331699346405229 0.00816993464052288 0.00816993464052288 0.0375816993464052 0.00816993464052288 0.0375816993464052 0.0669934640522876 0.00816993464052288 0.00816993464052288 0.0375816993464052 0.155228758169935 0.00816993464052288
0.00455373406193078 0.00455373406193078 0.0209471766848816 0.00455373406193078 0.00455373406193078 0.201275045537341 0.0537340619307832 0.119307832422587 0.00455373406193078 0.00455373406193078 0.00455373406193078 0.0209471766848816 0.0209471766848816 0.00455373406193078 0.00455373406193078 0.00455373406193078 0.18488160291439 0.332422586520947
0.207070707070707 0.0252525252525253 0.0252525252525253 0.0252525252525253 0.0252525252525253 0.0252525252525253 0.0252525252525253 0.116161616161616 0.0252525252525253 0.0252525252525253 0.207070707070707 0.116161616161616 0.0252525252525253 0.0252525252525253 0.0252525252525253 0.0252525252525253 0.0252525252525253 0.0252525252525253
0.0347222222222222 0.0347222222222222 0.0347222222222222 0.0347222222222222 0.0347222222222222 0.0347222222222222 0.0347222222222222 0.409722222222222 0.0347222222222222 0.0347222222222222 0.0347222222222222 0.0347222222222222 0.0347222222222222 0.0347222222222222 0.0347222222222222 0.0347222222222222 0.0347222222222222 0.0347222222222222
0.0198412698412698 0.0198412698412698 0.0198412698412698 0.0912698412698413 0.0198412698412698 0.0198412698412698 0.0198412698412698 0.0198412698412698 0.234126984126984 0.0198412698412698 0.234126984126984 0.0198412698412698 0.0198412698412698 0.0198412698412698 0.162698412698413 0.0198412698412698 0.0198412698412698 0.0198412698412698
0.106481481481481 0.0231481481481482 0.0231481481481482 0.0231481481481482 0.0231481481481482 0.356481481481481 0.106481481481481 0.0231481481481482 0.0231481481481482 0.0231481481481482 0.0231481481481482 0.106481481481481 0.0231481481481482 0.0231481481481482 0.0231481481481482 0.0231481481481482 0.0231481481481482 0.0231481481481482
0.507309941520468 0.00730994152046784 0.00730994152046784 0.00730994152046784 0.033625730994152 0.00730994152046784 0.00730994152046784 0.00730994152046784 0.00730994152046784 0.00730994152046784 0.00730994152046784 0.00730994152046784 0.00730994152046784 0.00730994152046784 0.00730994152046784 0.349415204678363 0.00730994152046784 0.00730994152046784
0.0198412698412698 0.0198412698412698 0.0198412698412698 0.0198412698412698 0.0198412698412698 0.0198412698412698 0.162698412698413 0.0198412698412698 0.0198412698412698 0.0198412698412698 0.51984126984127 0.0198412698412698 0.0198412698412698 0.0198412698412698 0.0198412698412698 0.0198412698412698 0.0198412698412698 0.0198412698412698
0.00259605399792316 0.0399792315680166 0.00259605399792316 0.00259605399792316 0.04932502596054 0.553997923156802 0.00259605399792316 0.00259605399792316 0.00259605399792316 0.0119418483904465 0.00259605399792316 0.0399792315680166 0.00259605399792316 0.0586708203530633 0.0119418483904465 0.0119418483904465 0.00259605399792316 0.198857736240914
0.376984126984127 0.0198412698412698 0.0912698412698413 0.0198412698412698 0.0198412698412698 0.0198412698412698 0.0198412698412698 0.234126984126984 0.0198412698412698 0.0198412698412698 0.0198412698412698 0.0198412698412698 0.0198412698412698 0.0198412698412698 0.0198412698412698 0.0198412698412698 0.0198412698412698 0.0198412698412698
0.0277777777777778 0.0277777777777778 0.0277777777777778 0.427777777777778 0.0277777777777778 0.0277777777777778 0.0277777777777778 0.0277777777777778 0.127777777777778 0.0277777777777778 0.0277777777777778 0.0277777777777778 0.0277777777777778 0.0277777777777778 0.0277777777777778 0.0277777777777778 0.0277777777777778 0.0277777777777778
0.0345345345345345 0.0345345345345345 0.71021021021021 0.0885885885885886 0.00750750750750751 0.00750750750750751 0.00750750750750751 0.0345345345345345 0.00750750750750751 0.00750750750750751 0.00750750750750751 0.00750750750750751 0.00750750750750751 0.00750750750750751 0.00750750750750751 0.00750750750750751 0.00750750750750751 0.00750750750750751
0.0231481481481482 0.0231481481481482 0.0231481481481482 0.0231481481481482 0.0231481481481482 0.0231481481481482 0.0231481481481482 0.606481481481482 0.0231481481481482 0.0231481481481482 0.0231481481481482 0.0231481481481482 0.0231481481481482 0.0231481481481482 0.0231481481481482 0.0231481481481482 0.0231481481481482 0.0231481481481482
0.0126262626262626 0.0126262626262626 0.0126262626262626 0.0126262626262626 0.0126262626262626 0.0126262626262626 0.512626262626263 0.103535353535354 0.0126262626262626 0.0580808080808081 0.0126262626262626 0.0126262626262626 0.0126262626262626 0.0126262626262626 0.103535353535354 0.0126262626262626 0.0580808080808081 0.0126262626262626
0.00496031746031746 0.0228174603174603 0.0228174603174603 0.00496031746031746 0.00496031746031746 0.00496031746031746 0.183531746031746 0.0228174603174603 0.308531746031746 0.0763888888888889 0.00496031746031746 0.00496031746031746 0.00496031746031746 0.00496031746031746 0.00496031746031746 0.00496031746031746 0.0406746031746032 0.27281746031746
0.0198412698412698 0.0198412698412698 0.0198412698412698 0.0198412698412698 0.0198412698412698 0.0198412698412698 0.0198412698412698 0.448412698412698 0.0198412698412698 0.0198412698412698 0.0198412698412698 0.0198412698412698 0.0198412698412698 0.0198412698412698 0.0198412698412698 0.234126984126984 0.0198412698412698 0.0198412698412698
0.0231481481481482 0.0231481481481482 0.0231481481481482 0.0231481481481482 0.0231481481481482 0.0231481481481482 0.0231481481481482 0.0231481481481482 0.0231481481481482 0.606481481481482 0.0231481481481482 0.0231481481481482 0.0231481481481482 0.0231481481481482 0.0231481481481482 0.0231481481481482 0.0231481481481482 0.0231481481481482
