0.0209206316136176 0.0306432588456643 0.0203828340524614 0.0356203362090185 0.023344295683035 0.0203089302939787 0.0325077243134606 0.386628395470837 0.0332176066106044 0.0209809156123409 0.0210047573525095 0.0203061651475388 0.0216432548723715 0.0210571555046866 0.0703019918383775 0.0203045765403829 0.0230487230472418 0.177778446991873
0.0412371256428901 0.0412371134022571 0.0412371139369557 0.041237116343544 0.0413414896074418 0.041237113402976 0.0424808302004402 0.0412371134154377 0.041265768189907 0.0426876820962483 0.0412419834762923 0.0611180887523284 0.123117728772086 0.0412371135321737 0.194375268148332 0.0412371155413274 0.0412371141846943 0.0412371213546676
0.0395450219747082 0.0374150048585001 0.0424490969120424 0.0375723240697916 0.0373831812209815 0.0373831775896454 0.0373832808824277 0.0373836994946115 0.0373831775700995 0.0385236141608394 0.194122348046093 0.176853115572784 0.0373831795227767 0.038209634760032 0.0373881613411092 0.0584068297854457 0.0374703938206418 0.0377447584174698
0.0434782669130846 0.0434785292279242 0.0440232551148667 0.0475942229966091 0.0783010499861824 0.0444484450238307 0.130134498308746 0.0485740381565561 0.0513308775513432 0.0434809757592682 0.046281221176816 0.0434782608737243 0.0436092637185488 0.102749717899845 0.0434799189223415 0.0435054336807764 0.0585737637072979 0.0434782609822394
0.035870372996242 0.0329600361418406 0.0332033558323707 0.0356598266360687 0.0330789288378155 0.0327871633404126 0.136131701847479 0.0327910634405134 0.0758965024366876 0.0347034228500973 0.0427280471925406 0.0328950318066759 0.0336217567074514 0.0327897593276159 0.227739058315199 0.0390112124665344 0.0742325075201666 0.0339002523042882
0.0281769834351153 0.0696767937628072 0.018284102936191 0.0245441495233556 0.0515277762781081 0.408765413364968 0.0253807730670352 0.016995310276832 0.0297492580290383 0.0189689973777332 0.0168815658036483 0.145830432818518 0.0227222768280269 0.0168778537963353 0.0168776377430277 0.0378040672422971 0.0241122312412189 0.0268243764757439
0.0417953292667696 0.0412372579107899 0.0412439362087182 0.0412747648829108 0.0420655381410396 0.0412371134042574 0.041239837567239 0.0412371255958485 0.04123711475764 0.0412371134515628 0.0412371293909066 0.144329896906475 0.0919552681804933 0.0415464651638508 0.143157400054628 0.0412373096689964 0.0414763544158855 0.0412550450319891
0.0209480955531306 0.0203161607621075 0.0710433636861792 0.0212403138252552 0.0206657765878067 0.023871731571754 0.0203053270495087 0.021323818377232 0.0210533090377233 0.31373466061641 0.020959334184705 0.0203046987815648 0.0203769478137484 0.0203846451822283 0.218418990919587 0.104222268088642 0.0203821967855958 0.0204483611768215
0.0909143737439494 0.0425717492851162 0.144580915037404 0.0412403548958198 0.0448339896718206 0.041237187545048 0.0412416949997961 0.0412399231523555 0.0412371555081366 0.0412434946588339 0.0412386730626738 0.041258577316457 0.0907565242999672 0.0913620839667376 0.0413244931298364 0.0412371162328636 0.0412372538879878 0.0412444396051966
0.0149487009427896 0.0125377657747937 0.0461069057533498 0.013252105375179 0.017621421679694 0.0124256353850201 0.0138586861420079 0.0133015874059007 0.0140157262937231 0.577518896386727 0.0693069924253695 0.0124284317099619 0.0125228204828138 0.0657168632199063 0.062767434022196 0.0147807941774256 0.0130664364427213 0.0138227963804209
0.0217531547751282 0.598396567510938 0.0148160667473424 0.0202838771006082 0.0155536392876129 0.0153401887649472 0.01689409295395 0.0315061341520558 0.0147280674864136 0.0201244895961543 0.0595037553365799 0.0150022137732638 0.0147064971193028 0.0161347163326287 0.0150253946891396 0.0772542516172219 0.018036639883417 0.0149402528732954
0.0308278718590463 0.0303902197983283 0.0306654895258925 0.0306664857056393 0.0546584961373215 0.0304454350970929 0.136043477215675 0.0311071857836499 0.0937851756423514 0.0312166132331807 0.0303130653335813 0.0303032562917941 0.0320663681787979 0.0308248749845982 0.282800562533632 0.0322498774497609 0.0307354771808589 0.0309000680487982
0.0193689637783732 0.0195498758590451 0.0250332985134537 0.0195211913862431 0.607286722345967 0.0203381512620121 0.0214725789935677 0.0201600945417546 0.0195738029060604 0.0204274147860336 0.0193265191761428 0.028484629004834 0.0315912953619817 0.0425957524013743 0.0194738776129444 0.0199446462824322 0.0215962689214862 0.0242549168662933
0.045977021544228 0.0459790608117286 0.0459770114942572 0.0459770120143715 0.103448281637691 0.0459770114942529 0.0460366179932253 0.0459770114942529 0.0459770114942531 0.0459770114942529 0.0459770128454205 0.10032098719529 0.103446244434518 0.0459770114942538 0.0459770115938325 0.0459770114943074 0.0459770114942598 0.0490446579756055
0.0365062719824466 0.0315230824848334 0.0315017695632306 0.0317283986848519 0.0314966533939791 0.0314961731351419 0.0314970694737885 0.0315239325159179 0.0317600486898856 0.113514269510865 0.0364333892425132 0.110017643495833 0.0314961093357191 0.0398116243536311 0.211270557427146 0.102632839077576 0.0322532376861454 0.0335369299464956
0.0500608322091672 0.0487804878048789 0.0487804878230496 0.0487804880921512 0.0487804879562134 0.0487808205640975 0.0487805150617527 0.0644569938606381 0.0487804878070987 0.0487811152633154 0.0487804878060879 0.048780487808657 0.0487804878060462 0.0487804878142549 0.108475098245094 0.0487804878076741 0.0487804878090011 0.0940792584608227
0.0313766433008489 0.0917159339837647 0.218644267987182 0.0650825117661403 0.0325777647182018 0.0291971197187181 0.101200680115783 0.029198676287299 0.0301877730351276 0.0292009848758026 0.0575964867705913 0.0292513876408142 0.0291970802977581 0.02952098955481 0.0292496004903053 0.0345626007206643 0.0291985991041239 0.103040899632065
0.0783152917285151 0.0220865963387811 0.0247405064024383 0.0199201774620832 0.0498095841978833 0.0198074448582615 0.069445599882805 0.0202279673012946 0.0221037493641966 0.0199672766231347 0.0285312873556803 0.0200462250646372 0.0216543116183706 0.453474849026505 0.0678990013693646 0.0221745820663339 0.0199920555797515 0.0198034937599633
0.0314706399851392 0.0293345210313239 0.0295428801671358 0.0300528974149602 0.0305693937097953 0.0295471322833989 0.379707032023853 0.029384839781019 0.0294203472062429 0.0292387570338311 0.0566327176374561 0.0291972591402597 0.0291984403201972 0.107649839540366 0.029796105164334 0.0391689718204343 0.0305101870215112 0.0295780387187425
0.0313710581715382 0.0295445669836799 0.0293903260300972 0.0296858707151403 0.0293783317569004 0.0291991260800967 0.193607903229163 0.089235372562839 0.0948372940195246 0.0361756306149535 0.0572367996012814 0.0305150082080663 0.0296455563661136 0.103062903976564 0.065707609835494 0.0544105491048771 0.0374024346822057 0.0295936580614643
0.0365725491076242 0.0407373553296537 0.0358465002889351 0.0360376513763543 0.0405016670794176 0.0807183384026623 0.0811206944196935 0.0357171221011699 0.243629451863612 0.0359984543258135 0.0382181583394349 0.0357143298170914 0.0363737878143826 0.0361857235309563 0.0789926042803958 0.0357143063262777 0.036206686306639 0.0357146192898867
0.0412371134026924 0.041237113418531 0.0412371134339965 0.0412379868971544 0.041694169964034 0.0412371134601848 0.121070185379177 0.0412429423532006 0.0511259318453001 0.0418319117556322 0.0412371134021789 0.0412372046407128 0.208170230441202 0.0412371134020619 0.0412371134133203 0.041237113416145 0.0412551389377992 0.0412373904366765
0.0361195949835568 0.0362203150925176 0.0360608271121889 0.0357206143471527 0.0427338860858746 0.197275933675616 0.0629250932749075 0.0357165533976287 0.0380289712158364 0.0357143426945756 0.0357391053774633 0.0357146969809191 0.157052642020128 0.0371440756974727 0.0371160055876288 0.042857466288641 0.0612624491177811 0.0365974270501115
0.0114675357968656 0.0321016560153668 0.0733233420887749 0.0162658405385302 0.311094591753224 0.00964800284372906 0.0364044732564112 0.0114630092212727 0.170556354790136 0.0209806315376236 0.00866697487454598 0.0383204809203573 0.078908508410968 0.00863660404177488 0.0542837756914484 0.00864207812710631 0.0149109709163059 0.0943251691755596
0.0137260156929162 0.0616907067569306 0.0616160596070428 0.0377089533796402 0.0142033919570775 0.0117143953783895 0.0129799221600164 0.170719458800058 0.0113076161921561 0.0136388260155032 0.152871608257924 0.0112915079884724 0.011454532344602 0.316189520535077 0.0157479715518432 0.0144711598619582 0.0527791755008737 0.0158891780195192
0.0214081859969591 0.0223065871891748 0.0214373850053833 0.0215812415544649 0.0223148594375435 0.626532758923869 0.0220579282853267 0.0225793378382482 0.0214052276083417 0.0219981019313307 0.0215408845944686 0.0214487264993268 0.0215172539560626 0.0217549071275751 0.0213903751385595 0.0213904050114216 0.0258006213070283 0.0215352125949155
0.0259974914588714 0.0208039378508318 0.0311957390700265 0.020206274637036 0.0437348311823864 0.0225680193611362 0.025794732649262 0.0227650773322272 0.437207125644771 0.0195368897219802 0.0202366617070581 0.019451655253724 0.0432604706302144 0.0204671157910176 0.116356295346535 0.0193242196549619 0.044948568265923 0.046144894442037
0.0392781039409414 0.0396619693694371 0.0392156863146789 0.0495391152317699 0.0680487575723123 0.0447419074734471 0.177028805823271 0.0488480369499861 0.0459444053464905 0.0396903477331654 0.0392156862746049 0.0524684752054612 0.0403284503736296 0.0454942823408122 0.0392156862835842 0.0452778274119333 0.083750129794249 0.0622523265602265
0.0303030365035422 0.0306436811809909 0.0318266652307514 0.0306214375476145 0.0348031915165296 0.0337382404167877 0.0303030308951341 0.0607437979976835 0.0409486334088656 0.0341712463234184 0.030600940766991 0.396016133699361 0.0346295532543309 0.0312130386864488 0.0310126302194888 0.0303072341086906 0.0570959417614497 0.0310215664819215
0.0457061243363102 0.0394355288494153 0.0373831868923098 0.0382191811875241 0.0628645989949037 0.0792893659716994 0.0632197828139104 0.0373838376138213 0.0422573561747109 0.0373831775707257 0.0394097404758953 0.0373831775951029 0.0391023401046338 0.13598892710724 0.0830287678907419 0.0737600281555888 0.0707736271716683 0.0374112510937988
0.100473191584491 0.0271821823460138 0.0289137009767357 0.0514832947475985 0.0236871825953901 0.0264047153213922 0.11979355697931 0.0246810535396475 0.160232725798438 0.060452029969887 0.086355139286467 0.0280425801570133 0.0228781201687157 0.0239332545610585 0.11604267639676 0.0226035310308527 0.0534653925966691 0.02337567194356
0.0848969612431722 0.0219084895705364 0.0186598048365346 0.189547361863204 0.0173707390548651 0.265695786913761 0.0169068639163998 0.0203343567753161 0.0172273760017819 0.0960763040650851 0.026121363787588 0.020723330009372 0.0174934781590012 0.029877923788559 0.0209622042720906 0.0219257828707339 0.0258480314136412 0.0884238414583577
0.0496944022214135 0.0488199465137282 0.0487848858224776 0.0490849073558274 0.0497599959780509 0.0487804878399311 0.0487804879308724 0.0487815242608848 0.0487804878048785 0.0511147656282774 0.0558838765958114 0.0487809763282959 0.108776606516691 0.0491036462207304 0.0487903858919201 0.0978245448963001 0.0489527806894645 0.0495052915044449
0.0370086410085361 0.0357356096954877 0.124498044899452 0.035878656119042 0.0357142885937388 0.0357602022007686 0.0357144142763016 0.0357572463020755 0.0357142857151286 0.0362964704482951 0.0452800614696874 0.0357143759228062 0.0357142863480619 0.0364576195984128 0.0357159030407291 0.291269339025618 0.0359401835643633 0.0358303717714951
0.0232594660975449 0.141207495765616 0.0262637025425019 0.0240111485451822 0.0233104548626266 0.0237914880448818 0.0450564714112686 0.0422973130558008 0.180121214245169 0.178809645643238 0.0819603599739409 0.031193032116345 0.0232558350866626 0.0233185173197012 0.0270202105520808 0.0232611255979055 0.0471577587308069 0.0347047604087263
0.0145466111080486 0.267426189030331 0.15170614954808 0.0381712007796183 0.0398122306644202 0.0359788272343837 0.0291375794443435 0.0136926911163335 0.0134476805601714 0.0134126875160924 0.0152265208572305 0.114943901031732 0.137640898521663 0.0605355473790944 0.0131066769542167 0.012840291547929 0.0143022589071359 0.0140720577991761
0.0502611832543028 0.0548233408922189 0.0221994476333898 0.0224467719669016 0.0603477200794712 0.0240159109296021 0.0203057338283044 0.021869042503572 0.0277375718022194 0.0206149669065207 0.0214953834771952 0.453237890940905 0.0723804732265682 0.0203199430995618 0.0252403921680875 0.0203070709655525 0.0414663260002203 0.0209308303254062
0.0867325066000882 0.0392278535349514 0.0392170433986642 0.0421299923112495 0.0392156876456934 0.0392156863469028 0.0392159318299355 0.0392178271066395 0.0392156862745099 0.143096770073807 0.0410876952857106 0.0392158370349622 0.0392156874749415 0.0393146695210303 0.0392187401987872 0.176757937808096 0.0392686446225005 0.0394358029315301
0.0108746399329425 0.0244217119485404 0.0519567210979288 0.291903578022756 0.012579749409886 0.0466631253214597 0.00987364526218419 0.0486297231649795 0.0169156378450565 0.0106905831818713 0.015859231937143 0.0101096993551367 0.00982413695549047 0.258746656156684 0.0717088114168519 0.0696558802694931 0.0292931705538706 0.0102932981677257
0.0615695401334719 0.0232060970406069 0.0214276173777154 0.0232067293861683 0.0218371760902675 0.0214805487749516 0.189535836543618 0.0220995654913348 0.0214122394132295 0.0229673286986004 0.0628712169915071 0.0221225875384752 0.0220875838323761 0.0216919627311452 0.194574446764714 0.153603446186649 0.0726358308369714 0.0216702461681978
0.016169806394185 0.0174767671462671 0.0247238470634044 0.0164289426560117 0.017011491845232 0.0168157778116307 0.0158730159570789 0.0168775408346428 0.0176812253622577 0.016547108914108 0.0172807370185828 0.0160636750651877 0.0163285448308371 0.0184668792354958 0.016037264945394 0.021056688745767 0.017690499306141 0.701470186867776
0.0249007052384566 0.0239739876246961 0.0239551428542718 0.0247637970003819 0.0244774765925896 0.0239979655057035 0.0327873874846022 0.0280299703568402 0.0305118322965767 0.322318922289059 0.0259876673115308 0.0239524130590171 0.0251522016921978 0.0244298433818073 0.258257281075905 0.0327653833628718 0.025481951738603 0.0242560711348907
0.0144475165750568 0.0123476776425739 0.0491664692157803 0.0130324941623941 0.0173327975036218 0.0122377598113771 0.0136900943323661 0.0131285307219316 0.013839881068032 0.553279754075262 0.0952401324641668 0.0122428724243597 0.0123405535996838 0.0648331464892569 0.0620943115634525 0.0141989136131316 0.0129496102029106 0.0135974845346426
0.0434782623041562 0.0434818193928321 0.045381310206275 0.0434782612135822 0.0437158691965977 0.065761141208936 0.158746007233778 0.0434786443339393 0.056782314133381 0.0434782608700904 0.0434787771748711 0.0519849608240131 0.0555872668888213 0.0453595585318276 0.0434782867081813 0.0853661836756549 0.0434801398160985 0.043482936286964
0.0377960929491358 0.0374012435508514 0.0376304599592288 0.0375220207064859 0.0381560256298858 0.043026184368126 0.037384373747576 0.0374382206332137 0.0399131942888307 0.0385004073280615 0.0403084880591752 0.0373834082901999 0.0376022895793157 0.131490945282426 0.0373877553246264 0.113156609676566 0.037462120664867 0.180440159961428
0.025871575475022 0.0280811660422782 0.0323343955450572 0.0275700968236285 0.0273290062514485 0.0745600174970499 0.0254790938393159 0.0282551098486827 0.0462253385867735 0.0305622919963651 0.0268509322538367 0.0256048257385191 0.0410953278179454 0.386634052865387 0.026175610227954 0.0352684553169687 0.0857456921115691 0.0263570117621981
0.048386100761874 0.0399082396333848 0.0373831776340932 0.0374080836011471 0.0375207433027484 0.239442509512599 0.0373837506389404 0.047833163490312 0.0398876145510805 0.0557739864022938 0.0373831775706063 0.0373831804479809 0.037383182200352 0.0373831775729957 0.0373831775826847 0.117312506620956 0.0374430383522957 0.0374011901236558
0.0404596154094372 0.0374287323424241 0.0379474282083082 0.0409870490572714 0.0381296395851042 0.213687648797118 0.0375336551361462 0.0374305336172168 0.0387825258514937 0.0376463018614735 0.0373831939442527 0.0916669293424488 0.040197172314655 0.0379486308275677 0.120195002643472 0.0373833340740939 0.0374181042431154 0.0377745027444018
0.0392156862745098 0.0392156862745098 0.0392156862745101 0.0392156862745098 0.039215686379023 0.0392156863222312 0.0392156862760451 0.0392156862745098 0.0392156862745098 0.0392156862745098 0.0392156862745098 0.313964435245354 0.0585845842087163 0.0392156862745098 0.0392156862745117 0.0392156862745108 0.0392156862745098 0.0392156862745098
0.194978690860601 0.0349476425839408 0.0327885478878208 0.0329069162608013 0.0377278765613598 0.0327871341071352 0.0383564510358351 0.0327874856639078 0.0327868852461893 0.0332564784722751 0.0428199420046087 0.0327869894954786 0.0327868860734866 0.0330251142442417 0.0327890225445213 0.178034237578829 0.0333116014151419 0.111122097963826
0.0304770658845591 0.0303107260663611 0.0303038876418647 0.0304607607686261 0.0307354837181378 0.0340329918931054 0.0303035402647272 0.170030280836701 0.0317371007957879 0.0574117348386203 0.0314667106723119 0.070784316167196 0.0303959722487251 0.0975331631868472 0.0303049784673357 0.174256193604019 0.0303365648874638 0.0591185280576106
0.0267643898148887 0.0615051977123126 0.0248809412420954 0.0261069641653912 0.0326787330278903 0.0247560126618065 0.0555577520849927 0.0247067773659929 0.024755204130185 0.0267127982753201 0.026090883023077 0.0258735415213668 0.0315482173832072 0.0255395049673537 0.19880221383861 0.0246913666968819 0.314198928009869 0.0248305740787595
0.0321168823290896 0.0314960636967772 0.031601103903602 0.032233967420083 0.0340890224159826 0.0315905931804207 0.0787960911042479 0.109190389570113 0.0574399764609915 0.0361535146411569 0.0314961479818311 0.0315000422615236 0.034434501246169 0.0357039316045877 0.185120554105662 0.108154577818169 0.0673731042235596 0.0315095360360329
0.0327868853744771 0.0329433907218778 0.270624225106182 0.032809973413264 0.0334512872063408 0.0332083158925331 0.0717315546381411 0.0327868852481602 0.0348258909234515 0.0327878917301395 0.0391995661697812 0.0327868853424069 0.0327868852464497 0.115117665611472 0.0736307917461635 0.0327868860443049 0.0329481343204309 0.0327868852644238
0.0493076587402327 0.0490319915436436 0.0487804878048803 0.04912487836731 0.0517436588711863 0.0487815399756007 0.0487804878048781 0.0489488915223763 0.048780487804878 0.0487804878181413 0.0487804878048821 0.0487805106139008 0.0490024265248681 0.0487804878051449 0.0487804878048781 0.04878048785183 0.0487807568841471 0.166253784457222
0.0429221117769946 0.0745714696094582 0.0322159620803791 0.0330560870139262 0.0362615890296145 0.031619493010342 0.205345026439697 0.0315605419344072 0.0349532134772781 0.0317649528283491 0.0315029161167456 0.0314962088435221 0.0321217983641884 0.0318296538718541 0.0318341399923506 0.106057263140472 0.0329549410251305 0.147932631445291
0.184951419202494 0.0258323222463084 0.0257123377830729 0.0465893070014945 0.0265191851146848 0.0257371156306148 0.0285044168024476 0.0254976786228331 0.0254777217998469 0.0264216057542896 0.0314701790009778 0.0255260912096843 0.0254786307574062 0.0260169432746199 0.194230920684763 0.169267769343038 0.0603339218890317 0.0264324338823921
0.0812837229070447 0.0327870553610536 0.033214746831808 0.0345056971089562 0.0331621925746016 0.0737428745086104 0.0327868915834447 0.0337453488031423 0.0331002714275868 0.0383270747479773 0.03278813470236 0.0327875129930328 0.0327868853531584 0.0328172051229934 0.223361867038713 0.0338482164674908 0.0708650038652413 0.114089298602785
0.0149487009427896 0.0125377657747937 0.0461069057533498 0.013252105375179 0.017621421679694 0.0124256353850201 0.0138586861420079 0.0133015874059007 0.0140157262937231 0.577518896386727 0.0693069924253695 0.0124284317099619 0.0125228204828138 0.0657168632199063 0.062767434022196 0.0147807941774256 0.0130664364427213 0.0138227963804209
0.0234730313448647 0.0227090363454662 0.0244142885515804 0.0228189354321058 0.0290466582777887 0.0228672572025373 0.0979460317236587 0.0239154597699279 0.394295118278667 0.0227392624176306 0.0281919303432291 0.0225990893757219 0.0330176257382268 0.0251976548881144 0.0518986854578408 0.0435996029439982 0.0254485021707413 0.0858218297379006
0.0125774556533781 0.131625389017983 0.0129573015118201 0.0802908728594742 0.0139755728901227 0.0170345134555629 0.012424700427117 0.25090390104059 0.0128004002856774 0.0312876435895767 0.0131198199622785 0.110655988617661 0.0125840886602097 0.0129994528619902 0.0125454186919938 0.0989213837310375 0.0528734039039957 0.110422692839531
0.0347318323478521 0.0328036121571092 0.0331084124549778 0.0767343430861215 0.0599834244747083 0.0887275301561927 0.0327907767051107 0.0740174087980631 0.0327868907074997 0.0328038376262768 0.0995943271580494 0.0328607558785524 0.0737704921272469 0.0333910813416932 0.0724730478937936 0.122764642923619 0.0338704154488354 0.0327871687142986
0.0315823824819577 0.0375338210906187 0.109125580902331 0.0284105556119636 0.0366846503406654 0.0322713331167675 0.297979766389774 0.028481115512744 0.0296808232166965 0.0283188525628497 0.0282035107049715 0.0283528266717884 0.0626225003429783 0.0283910735648732 0.0999078178398263 0.0294699211002212 0.0346560209694697 0.0283274475795039
0.0519480519480568 0.051948051948052 0.0519480519498792 0.051948051948052 0.0519480519649969 0.051948051948052 0.11365072933527 0.051948051948052 0.0551804394740027 0.051948051948052 0.0519480519480605 0.051948051948052 0.0519480519483704 0.051948051948052 0.0519480519493029 0.051948051948052 0.0519480519495932 0.0519480519480521
0.113650373293363 0.0288326121157865 0.192581500750309 0.0318416353993623 0.13330133158944 0.0327161244972601 0.0281698411710585 0.0753680180100618 0.0315810800726764 0.0305829551763745 0.0305284286676265 0.0389335371755652 0.033083202430734 0.0282867757058481 0.0281726580608697 0.0816833584441952 0.0309661227657819 0.0297204446736881
0.0228669927342012 0.0464565278980554 0.0236684416813348 0.0875972603323232 0.0630936015589806 0.322430691988177 0.021980980721746 0.0765664168005437 0.0272396979558591 0.0703344266708895 0.022368724906686 0.0467851808004175 0.0256631351504715 0.0234125720568676 0.0222187789474238 0.023548528354224 0.0420552811831943 0.0317127602586044
0.0190327116463482 0.024116118360891 0.0191771758811101 0.0192995070905929 0.0518123276164948 0.0206247124691212 0.0221058963097127 0.0366200537731167 0.59953701389603 0.0306366634006862 0.0198143483031937 0.0189639416592724 0.0189568243824527 0.0189987710677591 0.0193126533428346 0.0188682165117618 0.0228043699827706 0.0193186943058511
0.0303838786908455 0.0306089709565131 0.0314158436318418 0.030873849072459 0.031948323382282 0.0329427904039592 0.0307478217429791 0.0303046810875379 0.0345173893732554 0.0319058059179646 0.0313655646568066 0.11172226162842 0.213645285625144 0.0307184232470057 0.126544412512856 0.0359760209618052 0.0372168841458041 0.09716179296252
0.0314960629998333 0.0314960631006657 0.0314960630125009 0.0314960787218095 0.0356422231722562 0.0347983672865899 0.0365095094014064 0.045027881290851 0.355574453188352 0.0319086220048743 0.0378759345521402 0.0314961235700107 0.0333794494352778 0.0314960652719158 0.0314960888687823 0.0373298044518968 0.0317573421854457 0.099723867485391
0.0357142906452052 0.0357192121165494 0.0402309000421827 0.0357147693092415 0.0357143650085129 0.0357142857142857 0.035714285802479 0.0357142857824404 0.0357142879323141 0.0357187429737866 0.035714285752582 0.0358320411077388 0.0423904162537165 0.303286899772028 0.0361508900627039 0.0357142891848561 0.0357143074397688 0.113527445099608
0.0295774486646802 0.0291994463881997 0.0362687731796134 0.0295241546900472 0.0293700224372655 0.0332191301057167 0.0292182578709901 0.0385091469772421 0.0291970819990317 0.033757159378111 0.0291971052634561 0.02936224677336 0.0291971728886357 0.0293555612503393 0.133644708402218 0.0333744616200621 0.367062888514919 0.0309652335961127
0.195554028390015 0.225894033255458 0.0488708453479936 0.026846182026915 0.0767311625948475 0.0198673199155399 0.0409892656931154 0.0204319177875966 0.0236784185884709 0.0306027816604803 0.0189883809817695 0.0534380306201317 0.0188679559720782 0.0205585110379392 0.0193040306347938 0.0188695927933791 0.0753196066666607 0.0651879360328152
0.0114621169313608 0.0288466383492878 0.030768257574588 0.047824924019926 0.480642443603401 0.0110833496669193 0.0580427865572401 0.0710103672687625 0.0415367620512685 0.032942301760448 0.0118288072396112 0.011380528261339 0.0239634374977154 0.0114769729334974 0.0909593086376828 0.0111816280884927 0.0137423779179815 0.0113069916404779
0.0546345723113874 0.0210898851567702 0.0204008295542529 0.0278532462530605 0.0212085713141046 0.0203586375739967 0.105178839301878 0.0428257322145622 0.023358156277066 0.0214430826368555 0.0693010510767653 0.0204973881948202 0.0204993940648398 0.06049070628969 0.0977010196641686 0.176351013184491 0.158155754540583 0.0386521203907082
0.0148444903917354 0.145857958321315 0.0154035426471536 0.0574472712840788 0.0692403837526595 0.23145990841288 0.0134684687582346 0.0676320507367669 0.0154515155036513 0.0142500600517382 0.013610957619123 0.0152893899283669 0.0138719959144763 0.0138942253118207 0.0141556137831166 0.0633007549686743 0.0608717080668709 0.159949704547338
0.0459770114942529 0.0459770114942529 0.0459770114942529 0.0459770114942529 0.0464972774862524 0.0459774029737956 0.0459770114942529 0.0459770114942529 0.0459770114942529 0.0459770114942529 0.0459770114942529 0.103265257562069 0.160581901058342 0.0459770114942529 0.0459770114942529 0.045977011494253 0.0459770114942529 0.0459770114942529
0.048780487804878 0.048780487804878 0.0487804878048786 0.048780487804878 0.0487804878048781 0.0487807262727123 0.048780487804878 0.0487804878048781 0.048780487804878 0.0487804878048781 0.048780487804878 0.170713122991957 0.0487988336621573 0.0487804878048781 0.0487804878048781 0.0487804878048797 0.0487804878048781 0.0487804878048781
0.0323841409098542 0.0317568892283225 0.03327129184192 0.031595234879276 0.0314970607427285 0.0315045843062989 0.0315012981745078 0.0314973436319896 0.0930266461177617 0.03202753921251 0.377689442609993 0.0314961804530191 0.031496143806905 0.0324198165541487 0.0314996128377663 0.0407805120044014 0.0371199466202169 0.0374363160683804
0.0375918304408247 0.0341956920573485 0.0342463790013998 0.0343052890144804 0.0341881255633386 0.0342096485783131 0.0341880341880692 0.034188034698803 0.0341880463471515 0.0346302932209773 0.0341880353700813 0.0345006604135271 0.034188035477271 0.412945289721211 0.0351368041027251 0.0341880342488808 0.0341990388217545 0.034722728733843
0.0276944558728874 0.188057081458821 0.180921070792529 0.295286534245733 0.0327817617755679 0.0208248048248222 0.0213676189993034 0.0154838533336667 0.0163119524849644 0.0154978643797633 0.0392305003102425 0.0155907553061665 0.0149967290383287 0.0208422726638685 0.016767245710679 0.0312121910271584 0.0306009268961356 0.016532380879362
0.0300019837908412 0.0264213436437375 0.109994457611591 0.0269189032928585 0.0301482131541082 0.0268866179666001 0.0729465838194956 0.0263187194271557 0.0274103632609926 0.0266688193677306 0.240224257549045 0.0263195578379598 0.0263172257626447 0.131786260400825 0.0267914043018675 0.0904234387124072 0.0268152558726324 0.0276065942275076
0.112018726058403 0.0379533090907349 0.0374497806740846 0.0357143376075732 0.0357582039016037 0.0357239009454379 0.036222129905671 0.0357143335361838 0.0357645394963109 0.0357142910316193 0.0357143076607051 0.0470040139131102 0.201031455062631 0.0361356309944679 0.0813767724034034 0.0892148035172593 0.0357751518398 0.0357143123610015
0.00841752127912789 0.0703984194628763 0.054262472430573 0.0144667264751546 0.0363356141243497 0.0149245991192418 0.00890734198968352 0.19220672282991 0.00785211258053037 0.39008163821753 0.0113728746550728 0.00744142339976715 0.0131476486304119 0.0333109967990984 0.0479666168927519 0.0511092674606724 0.029272955241248 0.00852504841199989
0.0201217687426567 0.019913458628038 0.0888421903309332 0.0218659926036205 0.02971276603927 0.0430382769915467 0.0202906175092102 0.028347545383717 0.023865541497649 0.0223063357539287 0.0248444905716742 0.131667220982091 0.027333161070677 0.0500244253278934 0.0870953734681172 0.0653989556359116 0.231428894116076 0.0639029853469899
0.0204721349340483 0.0333445038415141 0.0189396595482734 0.126843236119335 0.0225998773256511 0.0203113033091172 0.112734859597062 0.228402777299001 0.0581206326457226 0.0191833424473164 0.0560210289387016 0.0504104038387053 0.0183958623489191 0.0181676329026126 0.0180466511674553 0.0563523118922809 0.0213219020319917 0.100331879812293
0.0154431446223654 0.3932914632678 0.025007890194597 0.112046979179721 0.0133670510589624 0.0116704518346654 0.0732146775223036 0.0133102109601087 0.0410473387291163 0.0129617673279309 0.0467476227655814 0.0114694120641831 0.0117432787203884 0.0118721893440164 0.0113973760863057 0.0190030649397047 0.0265536389164733 0.149852442465776
0.0376304783516677 0.217977008950859 0.0169293605884157 0.0176118685464735 0.116659819267171 0.0171107806119472 0.0487774275338327 0.0295708566886443 0.016393035161558 0.0205280034838862 0.0630636028225005 0.0163995130142722 0.0159285313931907 0.11135724293706 0.137552810184074 0.0604615641426073 0.0390118926714152 0.017036203650424
0.0246187354405672 0.0155663459367884 0.0167556240991072 0.234706334020767 0.0192173947660774 0.0157364414551442 0.0303252054675493 0.252894837051713 0.0441024225695178 0.0174310881848319 0.0160602537033705 0.0142288651147516 0.0155857588708422 0.0250024647670661 0.0136456997931161 0.16888636551325 0.0209269543610478 0.054309208884493
0.174702959847937 0.0426405694457176 0.0412396330700233 0.0436794980601527 0.0412371162994373 0.0412385631424619 0.0412373573062897 0.041470688216031 0.0412371134020621 0.0425370639437335 0.0449695603428331 0.0412374247218531 0.0415445227464816 0.0414215366314453 0.0412427837369119 0.10979727238949 0.0413359940926117 0.0872303426045267
0.0291970809446403 0.0291971066685843 0.0586026980032991 0.02966887118815 0.0364680611562574 0.02980498437752 0.404997874850425 0.0292042823671577 0.0323249575088894 0.0296644758105689 0.0293122906408295 0.0296161091170891 0.044043978698487 0.0291970879412536 0.0291987550785228 0.0651534078102998 0.0351506451625654 0.0291973326754606
0.0321003168715488 0.0398593234968609 0.0314998454347258 0.031694787307077 0.0319626065145319 0.0354311512010125 0.0314964103629538 0.0331103014765408 0.0364787928369686 0.324608458547924 0.0842880778493482 0.0329808884057685 0.03340273229782 0.031728202027538 0.0345131998615758 0.0637784196769347 0.0411673965652082 0.0498990892656628
0.0224755692238803 0.0175400278287447 0.0441916284849058 0.0171888359706978 0.01724196261524 0.0174644982462096 0.0536592095836879 0.0453211823208907 0.270869485511394 0.0161404309709706 0.0156489457271131 0.0160532409925685 0.0165139685488138 0.0156630693849847 0.315279974832035 0.0565983346075645 0.0183788340362834 0.0237708011140148
0.045387868583392 0.0346107095588425 0.0342579360620023 0.0343733252053112 0.0341880372220202 0.0341886540541067 0.0605502078563634 0.0341893489929378 0.0341880341887381 0.0351059152072753 0.185545667168927 0.0341882334646953 0.0341880357700598 0.201604915669653 0.0341921350505338 0.0592035633542056 0.0355255799989144 0.0345118325920216
0.0540342330442374 0.0439700734035902 0.0434788648589187 0.0435170455788688 0.0464777472630096 0.0435055556035739 0.0866048438505836 0.0434793705820994 0.0434782608832808 0.0434782608703633 0.0434782711485662 0.136654725117685 0.105884173416823 0.0434857598848017 0.0434785505739446 0.0464383216997842 0.0450397034079865 0.0435162388118834
0.0305205935262519 0.0303030309827654 0.0303032912672179 0.0682739156984993 0.033669113486326 0.0304128515045885 0.0303032869214733 0.0303030306105866 0.0303030310679937 0.0303544022402943 0.0303030303030369 0.27701677048022 0.159503414159601 0.0303030303250512 0.0672180810925087 0.0303030432052426 0.0303030391623508 0.0303030439659917
0.0519480519480519 0.051948051948052 0.0519480519480584 0.0519480519480609 0.0519480519499803 0.0519543630056841 0.0519480519480519 0.0519480519543283 0.0519480519480519 0.0521224673566282 0.0519480519480519 0.0519480519480526 0.051948051948052 0.0519480519480519 0.0519480519480519 0.116702390387901 0.0519480519688388 0.0519480519480519
0.0346148736550833 0.0330970712807143 0.101408444482419 0.035034166506043 0.0347238290154611 0.0379684563467418 0.0334800559797436 0.0799818108225871 0.032786885253234 0.0343022805524714 0.0373688273804083 0.0331934203758464 0.130230056081688 0.0329971189773096 0.0728875377708942 0.0630417679482297 0.0328991299762772 0.139984267594848
0.0927737587666283 0.0200153497032167 0.0176233570466306 0.147438786412677 0.105614547519123 0.0176715115252873 0.268507528039092 0.0376940589614209 0.021216629365379 0.0242423735699233 0.0176211563144516 0.0580275336462371 0.0659684873939446 0.0176233704745523 0.0177011426107057 0.0176213823877635 0.0201137440152145 0.0325252822477526
0.13824980902391 0.0809122129574139 0.010855624189546 0.338808235701387 0.0278013792617079 0.0377376061932696 0.00614639695951173 0.0605182657089922 0.0116582113162852 0.0437059758728656 0.0378792971299274 0.0506423471246191 0.0362393207330921 0.00600768397542766 0.00551475784999886 0.0361636542172575 0.0159436452275223 0.0552155765572663
0.0224418084058283 0.0187759413396579 0.140726862255975 0.0610677787164975 0.0417376095398781 0.0187278951889064 0.0196685992419432 0.0310572629401702 0.0216523779125283 0.0223558524848127 0.024546147021173 0.0184370348749229 0.0186672353555994 0.0427742418411023 0.224388119966468 0.205698798658616 0.0394094325632845 0.027867001692637
0.0207597415906576 0.0812884680031122 0.0345003539728062 0.203100775093207 0.0152919155900989 0.0318146180335119 0.0113670283743436 0.14591712884065 0.0128435933130869 0.0294123732826571 0.0370348364301581 0.111627030818138 0.0151526555353408 0.0459785574563763 0.0266498489792887 0.0583700314007431 0.0187652073970468 0.100125835888776
0.0425458978037783 0.0396976316190086 0.0870571192371756 0.0436904212221633 0.0478712991761589 0.0395061267001556 0.0392183016750921 0.03926675929155 0.0392157534145532 0.0396637500304313 0.0392157180389296 0.0882791295777944 0.129382204530411 0.0394405936185901 0.127842590401369 0.039215720988943 0.0392533539508245 0.0396376287230715
0.0459770114942529 0.0459770114942529 0.0459770114942537 0.0459770114942529 0.0459770114942529 0.0459770115745752 0.0459770114942529 0.045977011494258 0.0459770114942529 0.0459770114942529 0.0459770114942529 0.103451211783126 0.160916604228495 0.0459770114942529 0.0459770114942529 0.0459770114942555 0.045977011494254 0.0459770114942529
0.0341880341884806 0.0341881126941283 0.0360015311769541 0.0344469024393363 0.0777203413517169 0.0650144741687545 0.197813487395595 0.0341902751487003 0.137693201088477 0.0431532632058283 0.0342457409989474 0.0342161846528202 0.0645781524251922 0.0341880454890058 0.0341884785499506 0.0347731842428949 0.0352072766640012 0.0341933141192161
0.0472284720844714 0.0394288060038836 0.0373922024592835 0.0373832264101557 0.0373835541468306 0.0374165454271841 0.0373872551166173 0.177347323008225 0.0373831793629388 0.0380723811883223 0.0373831987789337 0.0378689460270961 0.0373831776699652 0.120205653526305 0.0915891775480652 0.0733050020497254 0.0373913517718827 0.0384505474201138
0.081647207480969 0.0252036887106276 0.019450232805588 0.0178625430361722 0.0177303694916593 0.0184631258802456 0.0168781457700911 0.0197487702243042 0.0170678473943171 0.225503274702982 0.0179837292096968 0.0222116050764672 0.0168776371405565 0.252187928061676 0.17855837111313 0.0168887586007741 0.0180511874290524 0.0176855778716899
0.0346651355548507 0.0343592877271906 0.0748816504714667 0.0342444656973008 0.0360091567876705 0.0341881323183227 0.212486552211417 0.0341948741046672 0.0380595904248917 0.0366883033229664 0.0342202731578249 0.0343887859600551 0.0643130487635604 0.034188707997213 0.152997813242435 0.0384408105146101 0.0356463917245705 0.0360270200189867
0.00930150627434449 0.0885408250929799 0.0179322070630952 0.00991163148100789 0.0653206732152719 0.0169746064404823 0.0301374734528659 0.402465483319735 0.0131794403272463 0.0319772329014903 0.0398695661675381 0.00965071901754403 0.00779188482026341 0.00700910005860275 0.00827578402704613 0.0653044107343281 0.0188369515780658 0.157520504028093
0.0344104551075188 0.0343300955434735 0.0343780584602261 0.0342074120620395 0.0360763134062042 0.034444109723863 0.109422810016079 0.0341892757682545 0.0341880853764045 0.0341880657339057 0.0342017676040356 0.114551365434617 0.0751462173543769 0.0349271151704436 0.21407453713287 0.0375873960992186 0.03497907221207 0.0346978477943995
0.0412371134026924 0.041237113418531 0.0412371134339965 0.0412379868971544 0.041694169964034 0.0412371134601848 0.121070185379177 0.0412429423532006 0.0511259318453001 0.0418319117556322 0.0412371134021789 0.0412372046407128 0.208170230441202 0.0412371134020619 0.0412371134133203 0.041237113416145 0.0412551389377992 0.0412373904366765
0.0181989632668729 0.0194524876627803 0.0224183662593793 0.0291051159686631 0.0428084328865605 0.399823409354484 0.0222041245155424 0.0176978039524772 0.0190358391484543 0.0172943142598428 0.0179235240786608 0.0174378122717627 0.218143936875427 0.0178004854006105 0.0178344223326233 0.026031511143093 0.0547295335585587 0.0220599170642074
0.0373831784706075 0.0373854321668549 0.0385636017134987 0.0373831777883545 0.0384763783855083 0.0467990693979375 0.037980308709302 0.0373831923606359 0.0404487816009628 0.037383177570202 0.0373831775702878 0.315232211362372 0.070111969488695 0.0385503925117174 0.0373831939410598 0.0373834315644221 0.0373831856105399 0.0373861397870417
0.0774783619583331 0.0270758466739638 0.129074576165706 0.0266424366728654 0.0262264227756414 0.0306213571287216 0.110455578783301 0.0568059461985559 0.030881421218112 0.0457693129994918 0.0504701476498583 0.0504674117230971 0.0290787401424985 0.0304720462704733 0.126772739319303 0.0895525159288013 0.0322939673730455 0.0298611710182305
0.0802913328124318 0.0509538393504983 0.0307851683879096 0.108922759207965 0.0694133705644582 0.0147927709890186 0.0320735688437037 0.0169277443898344 0.0185692798128888 0.0192057425214075 0.0400978306789161 0.0505802546337132 0.140005509743387 0.0329931582969844 0.0755709473350158 0.0131546592462947 0.148920932380644 0.0567411308049281
0.0341880341932894 0.0341880342634313 0.0341880341881717 0.0341880564961797 0.0351995837512643 0.141905993645233 0.0341890481590763 0.0342342807529047 0.0363126035358411 0.0397057007740449 0.0341880341881177 0.0766062435523698 0.250420894201709 0.0341880374696351 0.0341880714272025 0.0437321806347523 0.0341882184779449 0.0341889502888325
0.0382156479732197 0.0374039821049463 0.0385526547441731 0.0375113126330258 0.0373831798922481 0.0373831775830346 0.0373832362109114 0.0373835483215353 0.0415283400561018 0.0381774177055368 0.346212230528101 0.0373833517229544 0.0373831789524378 0.0377162441756591 0.0373867054569363 0.047912107931604 0.0374458592076173 0.0376378247999573
0.0303030303164625 0.0303630195951235 0.0304464519448319 0.0303200910216329 0.0306433470517379 0.0328241189873577 0.0396313487415314 0.0306719449427414 0.465663148014209 0.0303844299798544 0.030355971390736 0.0303030370702214 0.0304002324947585 0.0303072102820606 0.03042665569782 0.034413061997523 0.0315093958516672 0.0310335046197308
0.0275465692438422 0.0273468747714156 0.058942575015445 0.0273293025906213 0.0302743736405948 0.0278875811018532 0.302319138887417 0.0274905281432671 0.030454084340821 0.0280933435880723 0.027228459111563 0.0272324727390759 0.0442605377282917 0.0272993020743463 0.19754999888649 0.0272108958956226 0.0343145627859725 0.027219399455289
