0.0870671253628349 0.0609823232889163 0.0244963101732604 0.0800381055443928 0.0254498502809936 0.0248177585531998 0.0246013277396994 0.591751582299355 0.0561442963098108 0.0246513204475372
0.29105579487892 0.0615384618480976 0.0615385595763899 0.061538461679412 0.212191254042588 0.0615384615802026 0.0641044496554305 0.061538461649408 0.0619106306422659 0.0630454644472855
0.0542251217822609 0.0542714279105913 0.126368470577834 0.0575773524651424 0.250854111265051 0.0533347608253565 0.171695093581674 0.0536305025626282 0.0533333333419903 0.124709825687472
0.0671453935687503 0.0694005637460057 0.192418632516555 0.0730971868883101 0.066666666666986 0.0703905926369321 0.116829706518323 0.0749536606363038 0.202430929760192 0.0666666670616416
0.322642939894669 0.0444450902938266 0.0454798945153903 0.0529111092861458 0.0454344929397033 0.0493059151564622 0.233817020428917 0.0456752453618933 0.113136348675699 0.047151943447293
0.0201435802203007 0.0326593593418088 0.0207267087347487 0.0538943130991752 0.136678552550239 0.607368790738321 0.0218157777359065 0.0241077298957897 0.062041586931364 0.0205636007523469
0.20993296558479 0.06153854229761 0.0644466864573303 0.0615461163698931 0.29230761710764 0.0615393341134611 0.0615398195262067 0.0638285483507469 0.061538553156625 0.0617818170356967
0.0653827790544763 0.244212379883566 0.0314515221394322 0.0247964294873332 0.0243818524405606 0.0434430149383113 0.024708528680127 0.0289110062171088 0.0255553390560342 0.48715714810305
0.0749208853725713 0.129069745306134 0.284668958578159 0.0619791763695247 0.138460834762566 0.062025055228354 0.0621213389139123 0.0620485333624619 0.0616863610104649 0.0630191110958525
0.0678492427175662 0.0143037658534193 0.0884295954342811 0.0153637606748927 0.0141683793660312 0.0144416684719762 0.0153926254756295 0.0155885567228501 0.0194717706994071 0.734990634583947
0.0181723087911606 0.64810775897103 0.01707161182379 0.0649009689644613 0.0168607913653029 0.0186244657599624 0.147749807072774 0.018820470759903 0.0167127152980614 0.0329791011935547
0.398510282356465 0.0404889097871426 0.0429297502461546 0.0412603060502941 0.0418235488502416 0.0404706622891265 0.068710870876357 0.0413832321996573 0.243742674515975 0.0406797628285864
0.0232760872388517 0.0310459488280054 0.0973674645781028 0.0262370937024516 0.541875215914981 0.134677214016317 0.0438022442133675 0.0280719233823192 0.0277681309363018 0.0458786771893024
0.0727272729677859 0.0727272770708433 0.072727272730257 0.0741320794636069 0.334808498308552 0.0727272738050538 0.0727274730743346 0.0727272727273086 0.0819683068416532 0.0727272730106053
0.314502801063254 0.0440095187484627 0.0423802999078215 0.0438418000733962 0.132347347910941 0.0424649903319822 0.0437538029205837 0.0554828416067488 0.0421087039077686 0.239107893529041
0.179992638431021 0.080000000006662 0.0800000075087187 0.080000110845161 0.0800000061409522 0.0807177871764885 0.0800062755301629 0.17928210208749 0.0800000251587763 0.0800010471145668
0.0407740515565153 0.088005795646676 0.303235057895504 0.0680411205672908 0.0380953257287491 0.164263961137825 0.147185050630289 0.0384438107018455 0.0690807979647791 0.0428750281705258
0.145524220640425 0.0259503146065957 0.532335425994696 0.0254944624329819 0.0429689396921378 0.0236406573401656 0.105333305014786 0.0266182467519332 0.0449503792970126 0.0271840482292665
0.0386576385325034 0.0385408035571849 0.140492366943967 0.0388174785151036 0.038371379975571 0.038624684840434 0.54521258937989 0.0385837616723871 0.0421293233624171 0.0405699732205415
0.0451962447775605 0.0421626468416074 0.163379766904137 0.0394996092918466 0.0400751405216716 0.0382371348122874 0.306101224264745 0.125849205853887 0.127262339803457 0.0722366869288009
0.111488025120161 0.050000177484386 0.0514195505742022 0.0520478844560931 0.0503105637852686 0.11240637427162 0.0582274757620096 0.0500411019194272 0.413871927796603 0.050186918830229
0.0615384681116893 0.0615393796129487 0.0615388232325177 0.0616125105729744 0.296720297383787 0.0615384630693568 0.0724291432513935 0.0616539523922137 0.199398009343626 0.0620309530294932
0.0507825493559727 0.050247194357546 0.0570441319864501 0.0500793775088488 0.180645547656399 0.270564854820521 0.173746867507107 0.0516505098106785 0.065220916966231 0.0500180500302458
0.0588791204348263 0.080575556373357 0.115111639469753 0.0254316547189437 0.154149719266878 0.0520064462154015 0.0110853324478939 0.104297508697891 0.388951376425964 0.00951164594909234
0.0134594418578619 0.0249808465498281 0.222635646165251 0.337390580411468 0.0128777624361974 0.0148002716562631 0.0603459115667409 0.0665663768783897 0.0126643491430152 0.234278813334985
0.025806458045886 0.0265823145999054 0.0262568457446184 0.0264461957225728 0.0261449811847475 0.760485240470313 0.0268929750742794 0.0291742309839716 0.0259159562904213 0.0262948018832841
0.146909723384286 0.0229772820594078 0.0311180511844171 0.0412172434753303 0.053763356075835 0.0541586484738921 0.0422255380247275 0.0284658842991666 0.555878026434506 0.0232862465884317
0.0571428700685011 0.063609555490116 0.05714332827043 0.0734832622546668 0.104235150838342 0.128352380919935 0.0986839219926152 0.131262785147741 0.228347001038 0.0577397439796521
0.0400000048849508 0.0504112882878831 0.0477954331451191 0.042558866974626 0.508189327744476 0.0615697119926155 0.0400000037474015 0.103988134696648 0.0641980971975292 0.0412891313287508
0.182330919607542 0.0540628988263714 0.11153672615211 0.0553464795330253 0.0563279408124674 0.0969133193291672 0.186537799478584 0.0588452041464911 0.115048610552806 0.0830501015614346
0.226433499223696 0.029567941684419 0.0349573199335392 0.101742963534385 0.0288019220797133 0.0519901872408779 0.0736645811933632 0.0303560429033958 0.356873100956268 0.065612441250343
0.0391303183706208 0.175344960875426 0.0219129963553912 0.236638270821332 0.0231630557054296 0.375227746144966 0.0263179565751612 0.0435651805483239 0.020327446670874 0.0383720679324762
0.0804177029684191 0.0818579259783517 0.0801056551785694 0.0817001440675817 0.180006977940713 0.0800026397233533 0.0850926011384073 0.0805926268680187 0.080000000000021 0.170223726136565
0.0508402125206933 0.0511081721228525 0.175792372427107 0.0515928919922612 0.0500005259157379 0.0518685333478712 0.0661417454296368 0.233746700154033 0.0500001778454646 0.218908668244343
0.0285723484440824 0.358830155223158 0.0289217585438953 0.042573388491557 0.0354340211760365 0.0636193644198601 0.129500572052557 0.0384284102503905 0.236415335240218 0.0377046461582451
0.016158273544252 0.121469048190745 0.211438654126527 0.170188847367581 0.284910986717644 0.107330423896978 0.0386171979827098 0.0179491915850658 0.0170750766563201 0.0148622999321766
0.0856622483571643 0.0326381886438106 0.0294089166874171 0.0290411122960291 0.635744063003699 0.0763060906368213 0.0242507268201594 0.0261592601461209 0.0365469689330584 0.0242424244757198
0.0605520622612878 0.235233941215627 0.0571858081885792 0.153749930437957 0.0571436774425436 0.059057918767858 0.0663427822111801 0.0749681321305251 0.0571428571428658 0.178622890201577
0.0860045819879347 0.0186416774349079 0.189894437586061 0.43431087819309 0.0110777443170655 0.0723436822420926 0.0125273290526169 0.0177117744905867 0.0168429876708611 0.140644907024784
0.272228145545611 0.0606155042809411 0.0266603946259697 0.0306741677829204 0.0272019256143277 0.0274973702412618 0.390900325986824 0.0566346100030755 0.0260821709254163 0.0815053849936523
0.0194314227124416 0.0221648861845277 0.0349975528027178 0.0221791116266529 0.0197979802676911 0.683933512948787 0.0189773048579446 0.110426324117207 0.018992817328575 0.0490990871534545
0.0800207344796223 0.0706781655122747 0.0303513448036565 0.0302934343594481 0.0305344131594838 0.0298343518962809 0.0304593860539489 0.0387366955618573 0.05146654751781 0.607624926655617
0.0660514784547302 0.0140418233176523 0.114650961358738 0.0150063544546861 0.0139224798580543 0.0141346358249132 0.0161195834595055 0.0153001969999776 0.0190547083585488 0.711717777913194
0.06666795396025 0.0669403871507381 0.0700294986994434 0.0666666667714185 0.0805396760209311 0.0873396019957352 0.106988029305444 0.0666705871242598 0.298494234989468 0.0896633639823124
0.0534617827683668 0.0539459531981519 0.162359632586822 0.053844401762507 0.053339965937577 0.0690575219396135 0.055318336353964 0.224016027572032 0.0567722457517235 0.217884132129243
0.0347785471005446 0.0371318551583625 0.58616576655322 0.0360714514773284 0.0335244485553683 0.101606562156393 0.0421922562629574 0.0451127629699511 0.0485880687280883 0.0348282810377861
0.0545051586299016 0.101046941264572 0.0533333369845298 0.0533611277165233 0.0533704777495714 0.329664194039763 0.181334473278482 0.0611238409902308 0.058927068231313 0.0533333811151128
0.0663278777936087 0.0539550374040764 0.0565184616661403 0.0563582745853532 0.144794254914685 0.308837211139583 0.0534036094916024 0.0534145495869365 0.0566063480384225 0.149784375379592
0.0571428571448561 0.0571428571428571 0.0571428571449977 0.0571428571428575 0.485714210659905 0.0571429318961274 0.0571428571428572 0.0571428574303876 0.0571428571428571 0.0571428571522972
0.0535955578494722 0.149775201568571 0.0445273138877903 0.0497903094674755 0.0444465103592314 0.151271273953524 0.343553378327412 0.0446973965218976 0.044444444448608 0.0738986136160182
0.0400784353115038 0.0619955788659323 0.0400198332335277 0.0403395859305615 0.0901017485935925 0.0476866486654991 0.0410942101905031 0.406441795846112 0.0413158744653851 0.190926288897383
0.296572884419675 0.035978241464741 0.289278031919613 0.123394073844593 0.037721719590435 0.0316463368286397 0.0645065653561848 0.0410412077539136 0.0449249386215531 0.0349360002006521
0.241667288380329 0.0440777868437034 0.0436507711085486 0.0445069082986601 0.0435695382521514 0.0454669417079263 0.0446705912769198 0.279603646166476 0.141333723997269 0.0714528039680158
0.0997245813173951 0.0445878817099714 0.481098892528066 0.0448099255817737 0.0444547982923565 0.0449460905881314 0.0634380218998244 0.0444458159394776 0.084193450123221 0.0483005420197826
0.0813844686524657 0.0835787042066387 0.0800000000037492 0.0935013958737607 0.0839173051824599 0.193531706032324 0.0800000008922264 0.144086418742219 0.0800000003113889 0.080000000102767
0.045261999285481 0.0648214059536006 0.0443900514659188 0.0687835895960819 0.0430066703433861 0.0841518638231188 0.444935429136048 0.0429542130838378 0.119213914595956 0.0424808627165707
0.322646021030312 0.0330202804863493 0.033453810327002 0.178550205223739 0.0324746476765943 0.0520852579787217 0.12890041057019 0.0332519840740879 0.0527259030323368 0.132891479600668
0.413574797338934 0.0444531969228502 0.044551099192168 0.045629474551908 0.044736099094847 0.100953928381396 0.0444545571109207 0.165103946018463 0.0469080541871422 0.0496348472013706
0.0678492427175662 0.0143037658534193 0.0884295954342811 0.0153637606748927 0.0141683793660312 0.0144416684719762 0.0153926254756295 0.0155885567228501 0.0194717706994071 0.734990634583947
0.0642000069114531 0.0279151025442527 0.0419542149840286 0.028354773903436 0.030566185285661 0.0290327673653873 0.1149267029418 0.11584512153425 0.519303485407629 0.027901639122102
0.0138678851214658 0.17125195017238 0.01512218656028 0.204008667139997 0.0176636243423072 0.108482136801251 0.0144424840189011 0.388351116005569 0.0143418503592098 0.0524680994786399
0.10132754107567 0.0444807989535981 0.0453823452624198 0.121319300768916 0.100351206284105 0.227572755951914 0.12648621869604 0.10889226453123 0.0445101085797326 0.0796774598963746
0.158135178206346 0.0371445745563174 0.112959089083025 0.0445412277008481 0.0914540946914381 0.0574706956868905 0.293359756636072 0.0371182785203707 0.131192502219501 0.036624602699192
0.0888889042264621 0.0888888888888889 0.0888897585497508 0.0888888888888889 0.0888888888888889 0.0888888888889149 0.119000196086082 0.0888888888888895 0.169887807804346 0.0888888888888889
0.0670390976202103 0.0388453185015943 0.220645931477473 0.0504077191411782 0.0432160931000779 0.0437501490319678 0.0416651131752126 0.349388435560408 0.0452467089219893 0.0997954334698883
0.0271498681104098 0.148799258425405 0.0293818481021291 0.0731670948800211 0.0878433626013058 0.479910600112981 0.0267111942393579 0.0602290620642243 0.030053698275651 0.0367540131885154
0.0223840849738553 0.0251176082703248 0.0238813559551898 0.0231833424163284 0.0233035205935994 0.0242878879731373 0.0239250460105664 0.0473294410026342 0.759546153915078 0.0270415588892863
0.250982076300993 0.0410938334848576 0.0407469095201342 0.0425086695421904 0.405072382594829 0.044267806741126 0.0406745173879097 0.0453834901736644 0.0468929527840803 0.042377361470216
0.0421056890020106 0.0421295485537563 0.0421052631670145 0.0421102334231181 0.0444021294120335 0.0493085137980179 0.0597119618216799 0.167937350235707 0.467067803648365 0.0431215069382973
0.0534243299371704 0.0745252595302685 0.457484654850678 0.050326829455462 0.0500065144066262 0.0500000000000092 0.0500000080621277 0.112488536591274 0.0500008048068802 0.0517430623595043
0.151468464178736 0.0396813612360786 0.140549134333583 0.0420605574018726 0.038097461037462 0.236226736975311 0.0442360364002449 0.224007286398465 0.0385961981791511 0.0450767638590957
0.0391677232845614 0.144889791600289 0.0422040813190867 0.532254413499275 0.042658055294338 0.0272766857285368 0.0668008291254673 0.0262314048908339 0.0517457632650831 0.0267712519925285
0.0992597673646321 0.0826679115067597 0.0695545552651519 0.138230131754148 0.0689131632420142 0.017855580926844 0.0321171290459652 0.0425035054942517 0.437818650663382 0.0110796047368516
0.264659740567309 0.0256399069228419 0.0246588393844398 0.109623689522056 0.0249869959401272 0.0298739225260779 0.293776056186934 0.168587816422956 0.0277389856535248 0.0304540468737345
0.015608569348713 0.161054060984943 0.0182650149796989 0.0961260737835187 0.0184625237967927 0.333347981104604 0.0153210697983923 0.308196267973791 0.018160884409708 0.0154575538198388
0.0727272727272727 0.0727272727272728 0.0727272727272727 0.0727272727272727 0.345454544418857 0.0727272737629563 0.0727272727272727 0.0727272727272773 0.0727272727272727 0.0727272727272727
0.0800000000038076 0.0800000000000001 0.0800000000040773 0.0800000000000007 0.279999855429866 0.0800001439965722 0.0800000000000002 0.0800000005476941 0.08 0.0800000000179814
0.0491890496555528 0.0469735092689828 0.0430852837996307 0.0444240442201657 0.0421055898804723 0.0426831338111051 0.337560984426864 0.0509180567519095 0.104569927511447 0.23849042067387
0.0485453821693593 0.0470589068046826 0.120470888434609 0.0477046641567796 0.0470607913346728 0.0476179116521258 0.0470588239044491 0.0470588259997439 0.0470588241279969 0.500364981415581
0.0252279515125956 0.0237289457039009 0.152260986043073 0.643084516652959 0.0260887604888751 0.029258697686718 0.0386335490534384 0.0172397441667355 0.0196424060583162 0.0248344426333883
0.0347741706468555 0.0335591415087267 0.246081668763171 0.0358981414041965 0.0335249214263804 0.034137504846833 0.211793790984798 0.0336878431324024 0.036376437690585 0.300166379596052
0.184597033507526 0.0515833663170224 0.0505668220347736 0.0500008477284465 0.29010812650637 0.0500000107307374 0.172981243807505 0.0500089718697822 0.0501366726362201 0.0500169048616172
0.0526494337781533 0.637463036767009 0.0391650274288466 0.0763998327728509 0.0085381588625074 0.0252188289647742 0.0234740191217767 0.0708948654471931 0.0182814239638933 0.0479153728929953
0.101552055278418 0.0250578728077885 0.0685086734437114 0.0358430935654102 0.145714824876487 0.373152490992261 0.0235629659402239 0.0648013771165092 0.0269476795176985 0.134858966461492
0.021411028172227 0.0263133186913015 0.0215621912586865 0.322633703919528 0.049285624446036 0.121337047535369 0.173670970538786 0.152005090817188 0.0797947982926612 0.0319862263282163
0.179259092652477 0.0180315536963664 0.0168044202259385 0.507007243879355 0.0137179715078416 0.0155443152753014 0.0968953115840207 0.0142543954834339 0.120361349354493 0.0181243463407725
0.211899018793509 0.32622314561937 0.064875614889166 0.0940398589249399 0.0195661385257137 0.0257462683560553 0.115374515823455 0.0545704740179292 0.0219264034024565 0.0657785616474052
0.0158900923346542 0.165966445880394 0.0211351475318922 0.391997486103086 0.0161613341351269 0.0532122741101646 0.0735516836970493 0.103549954821221 0.0564862460348705 0.102049335351542
0.0798525027502446 0.0672378366935257 0.0616134771813494 0.235351988613521 0.0642259030662291 0.0654772201992639 0.147561119653359 0.101769440547404 0.061538461754054 0.11537204954105
0.0381179010054997 0.0396836774615646 0.0708393877331688 0.0417015690025489 0.0574910792014274 0.0399450923851905 0.46722693571917 0.042292549645632 0.160651700414081 0.042050107431718
0.0479089286246957 0.438043713610916 0.0442315462390462 0.0444807362963212 0.0421934971284347 0.0497852173814814 0.103479399153936 0.0500197353210845 0.048876838654095 0.130980387589989
0.447325254104281 0.0198859219382597 0.0204003338790998 0.0192492208583628 0.0185381783725718 0.0228617832817972 0.0730059056996125 0.0533587690639341 0.294073141715157 0.0313014910869239
0.0477989821561308 0.0473296853286878 0.128622505088188 0.0477993792943923 0.0470591147189897 0.0470595516634216 0.221896187990278 0.0471852288167823 0.0470588235336106 0.318190541409519
0.0680117498342435 0.0666685667791345 0.0666667495778274 0.0672165285473985 0.310087278415072 0.0666728119765284 0.154305380850712 0.0668023000374337 0.0669017190977676 0.0666669148838821
0.090482727050682 0.0401436879674332 0.0401422060771186 0.0893743293798943 0.539271939393841 0.0405844533448172 0.0400000006719788 0.0400003221583481 0.0400003338176003 0.0400000001382861
0.0888888888888914 0.0892094259005625 0.0888888888889507 0.088888888926265 0.088888888888896 0.172152573655087 0.0888888889124831 0.0889481876970299 0.0888888888889013 0.116356479352933
0.102071368119781 0.0467032818445139 0.128516631444829 0.0534973485355261 0.176513425285022 0.146797866936269 0.0491837251127587 0.160475920760046 0.0446418380165651 0.0915985939446886
0.0772503372075024 0.0513873144324331 0.0207215376462227 0.221173726552947 0.090034353112766 0.0214627678525432 0.263285387385182 0.0454857945678931 0.187431431593939 0.021767349648572
0.025674034024272 0.186128589243044 0.00856578118841043 0.489782579305665 0.0837711286597246 0.0576787971057528 0.028481590034731 0.0996269354984758 0.00751539050662656 0.0127751744332982
0.327911001465954 0.0226980621797629 0.135042802666959 0.0909254174602721 0.021954041805051 0.0385605776142644 0.0385082414591123 0.193457464663818 0.0229655419271872 0.107976848757619
0.0398916996798982 0.131105155739336 0.0205125032295833 0.200709501524382 0.0543892359562288 0.179698325230864 0.0169984195780188 0.293649278044099 0.0156927843349638 0.0473530966826265
0.139937310984296 0.0618808357797797 0.134286007222054 0.0604017473349059 0.282776042662374 0.0586437331697882 0.0575663386050528 0.0572353819068558 0.0584842333687966 0.0887883689660972
0.0727272727296946 0.0727272727272727 0.0727272727298661 0.0727272727272732 0.34545445453581 0.0727273632811876 0.0727272727272728 0.0727272730756404 0.0727272727272727 0.0727272727387101
0.0471084893285989 0.0470594714768368 0.0489371468600674 0.0473704601108995 0.0926027850556739 0.0629811267889177 0.0868640175927815 0.0470986191946894 0.455933452103872 0.0640444314876629
0.186985246137338 0.0546675537904664 0.058400516270163 0.0533340259753246 0.0533382079127504 0.0546267071270339 0.112770976899709 0.253407420696252 0.0533334099979417 0.119135935193021
0.0496144377014862 0.472133880613605 0.333178075915208 0.0216526855181096 0.0203262990301616 0.0212878053072214 0.0201109344048895 0.0200933526904302 0.0202642352105785 0.02133829360831
0.256214280151429 0.0473966310544725 0.0675850357873756 0.0477945174776949 0.0881881499057518 0.0483138203810482 0.15835941667902 0.0483306071240135 0.187736066647682 0.0500814747915125
0.00863614586017007 0.24171305532023 0.0104758565207166 0.0369825653583472 0.0200389972000549 0.0298617540583638 0.062142371947341 0.539281670638587 0.0339411554669156 0.0169264276292738
0.206897646636683 0.0472860653434366 0.0508461546288478 0.0471355971582416 0.222608125883662 0.0474010837167113 0.15922602085793 0.0492368355147416 0.0478735773455605 0.121488892914186
0.0615384681116893 0.0615393796129487 0.0615388232325177 0.0616125105729744 0.296720297383787 0.0615384630693568 0.0724291432513935 0.0616539523922137 0.199398009343626 0.0620309530294932
0.02073724576101 0.0221564233504586 0.0310483402770198 0.0279968121126896 0.241878672079473 0.524928372298201 0.0379526600043597 0.0511720568394822 0.021809289624014 0.0203201276532919
0.0533341614127317 0.0535100825534414 0.0554695824309247 0.0533333338428331 0.505496015547439 0.060665300945127 0.0534080593124765 0.0533353402076719 0.0581147895884038 0.0533333341589515
0.30398648845672 0.0324027578855063 0.100959387372262 0.0348825770642443 0.04280211162766 0.0338075722914432 0.131062829717558 0.136485018615616 0.122526983129744 0.0610842738392473
0.178117945719238 0.0929939912214434 0.164846050681431 0.141112198905423 0.0431641880782709 0.123531170814506 0.0276728084317581 0.0203769742747893 0.10675615529029 0.10142851658285
0.0470594061983535 0.049319713868617 0.0470588235382123 0.0470589843096342 0.400062177974462 0.214373927638443 0.047349568775587 0.0502644434577543 0.0491335047340691 0.0483194495048677
0.053810148015744 0.0541332087117162 0.06158756276523 0.0543928454878893 0.053334198513114 0.0533344897030546 0.461596867705674 0.053589262706638 0.0573566457527141 0.096864770638226
0.0400003977209016 0.0403783816288593 0.0405423232626713 0.0402510226681902 0.0400025587026996 0.0464821232399127 0.041237727727305 0.0427106322440111 0.627637294055231 0.0407575387502182
0.284040906843977 0.0351111637816595 0.044921805401982 0.0357521683150141 0.055634460088196 0.0370352091475863 0.225196375541331 0.0357507441776475 0.21100245608634 0.0355547106162658
0.0453213042318165 0.288123162656141 0.0176323663246467 0.112699505629799 0.0173309039402396 0.244191854089817 0.0851250211084883 0.121082695758868 0.0365693574368229 0.031923828823361
0.193246670909981 0.142648363174258 0.0727272913255183 0.0727725265353346 0.0727272727426165 0.0727272729142967 0.154957508338415 0.0727385486043964 0.0727272727276373 0.0727272727275462
0.0377123710150595 0.0365466320100687 0.265361688634603 0.0392850858902957 0.0363775230839649 0.036364036537002 0.189287232169063 0.0364540620660134 0.0386672177785966 0.283944150815333
0.310057033299029 0.0369799460033882 0.0718538989227092 0.0363642873472818 0.0384706781463251 0.0353844781576542 0.0401464312886731 0.138436035855476 0.21754895167236 0.0747582593071032
0.0409718320741934 0.0400000550704238 0.133596724259351 0.0417979237650536 0.0400012933963819 0.04036567193511 0.0400000002452743 0.0400000016237286 0.0400000003942355 0.543266497236248
0.0430004461199928 0.0435229584243751 0.0434569961550188 0.0480824605610287 0.0428195157337805 0.064504291887817 0.218289870510933 0.225360071691145 0.0510075810517412 0.219955807864168
0.259038125977348 0.0572951186820669 0.0573182724088574 0.0581291035766006 0.200604691212266 0.0571439773094822 0.11303533805702 0.0575788096911188 0.0816996544368714 0.0581569086483684
0.120266672426627 0.073861622134293 0.170250708603683 0.0435653103784239 0.175564265018255 0.236906457327113 0.0916245085067801 0.014819699770245 0.0393461955264089 0.0337945603081712
0.0116098148403925 0.107680827921106 0.0148345589495496 0.192238658287142 0.36538271813176 0.0166413953927314 0.0213439204106785 0.220503403342634 0.011447139201095 0.0383175635229114
0.216866790846038 0.0716228999233107 0.416546751238263 0.0233781157575414 0.0541722028301193 0.0401890462920038 0.0911213574546116 0.0150037713082545 0.0327124027588535 0.0383866615910043
0.0574032327380949 0.196304002700006 0.0572087771431963 0.0581986816014996 0.271438684120125 0.0571452424866206 0.0602734432787218 0.0575120872269604 0.057142857185006 0.127372991519769
0.103611046875019 0.0402856788876273 0.0400064018942584 0.0406235534961593 0.0408424410540607 0.0509545646429309 0.0437733161719447 0.178948779211297 0.395849266018795 0.0651049517479066
0.352588593410191 0.0397288381976645 0.292550080446965 0.0387956129076634 0.0395260630863549 0.0377238154098107 0.0372175292067411 0.0368101807435764 0.0388121328553573 0.0862471537356757
0.0202693383634734 0.047673696920961 0.0292463351105563 0.41137509934733 0.2226884395918 0.131097771793232 0.0309399576145679 0.0264527375362483 0.02101678219406 0.0592398415277708
0.0425592923770282 0.10926506968074 0.0588928851234861 0.0501473146370727 0.0427841161439712 0.0625895765250393 0.0631404008056569 0.182776148303955 0.139439059282449 0.248406137120601
0.130281721743381 0.0313543054517641 0.0396853572316827 0.0308429062559925 0.0310131430489257 0.0767097156305696 0.0324474898549468 0.0312407430349331 0.56155972367597 0.0348648940718347
0.110918424385957 0.047729737468001 0.0486133090435931 0.0498290268698574 0.0744544632924716 0.0485564915774277 0.134997299414637 0.187972821415507 0.0471967271757016 0.249731699356847
0.035080887585999 0.0350898765630119 0.408206811741874 0.0352388092493615 0.0347828289198073 0.0347829113162247 0.109828960884505 0.0348472330398285 0.034782608698832 0.237359072000556
0.0348964653181226 0.087850973690688 0.0150515532497202 0.527481359696876 0.0133299096867046 0.0421277436036257 0.0152384698256601 0.172681140381465 0.0659431283472504 0.0253992561998873
0.053810148015744 0.0541332087117162 0.06158756276523 0.0543928454878893 0.053334198513114 0.0533344897030546 0.461596867705674 0.053589262706638 0.0573566457527141 0.096864770638226
0.162032567532999 0.0470589108102976 0.0475772791955223 0.047062015429908 0.0473107288924439 0.0470588239321436 0.0592670736788787 0.0470897117557297 0.447186378032017 0.0483565107400603
0.197707709799539 0.070200520015355 0.0337691602266107 0.0895207615401036 0.0434637159127582 0.033719687109956 0.429961103181847 0.0334814163100322 0.033802192068643 0.0343737338351561
0.0355039609923464 0.0399205493719923 0.0354946438872359 0.0360382592298569 0.0359588773120595 0.0352660757232872 0.20294894819696 0.475458281248469 0.0681490224515284 0.0352613815862636
0.19316994550889 0.0581463986400057 0.0655168766688033 0.0592370902657498 0.0714578739451056 0.203352766132188 0.177806860504016 0.0534386742088072 0.0578892548622227 0.0599842592642115
0.0226879475741357 0.0270112853565516 0.0271499466246233 0.0269131955414789 0.0546832072447901 0.0572123195809904 0.0248052925676712 0.0271147367950662 0.710742957448913 0.0216791112657793
0.0441258619735197 0.13471602644685 0.050901528663275 0.580199049583704 0.0121871661718896 0.0207957152159278 0.0423400391308026 0.0270350823167613 0.0119472004057241 0.0757523300915453
0.175000131219153 0.0444445434516359 0.0483995462298875 0.198704597695739 0.140385052603739 0.0486016181404734 0.044676725003262 0.204368852092095 0.0450990347184392 0.0503198988455766
0.0421052692143606 0.0421053152056458 0.356282277769719 0.0421052637261008 0.0425611468652983 0.0422567592820099 0.139952745918569 0.042158579090622 0.206508699431309 0.0439639434963656
0.0223239561775865 0.0974297608658676 0.0285008110885844 0.238049597778546 0.0959790434547035 0.0497609790107792 0.0264813791103799 0.359309057065174 0.0208203286707228 0.0613450867776563
0.0470677083620946 0.0472198487612196 0.104635004798788 0.0474446836475099 0.510015888435011 0.0483511479379056 0.0475924816131353 0.0492517079543771 0.0471290989908699 0.0512924294990883
0.312675253040101 0.0666715918943207 0.0680121653503346 0.0673056546676978 0.144161701414148 0.0666699471701225 0.071790126744101 0.0675966731584484 0.0684331210131812 0.0666837655475445
0.0381894850356905 0.0345995986047799 0.0794884152611825 0.0391498531719742 0.0333334348873641 0.0336602645294297 0.100955023384998 0.0397328808968672 0.0624269522772777 0.538464091950436
0.0731069966638163 0.0744162686601867 0.0728233213735901 0.0742728745945771 0.254556334630417 0.0727296724418152 0.0773568289976366 0.0732660195858846 0.0727274050156512 0.154744278036425
0.11176621771136 0.0309851547542126 0.0307707185947782 0.0310855870703475 0.0311863463470585 0.0405306145491006 0.0608726045264707 0.0788784730588643 0.552719695358702 0.0312045880291055
0.204062153564419 0.0483043422214918 0.0785271263185202 0.175587687481418 0.0476039296347748 0.0484791982817598 0.139846733070556 0.0489690491095287 0.0669661735050152 0.141653606812516
0.0476999782093421 0.0477967489384968 0.117710097496706 0.0479206905532313 0.0472279045048816 0.0471829129879273 0.459807524994175 0.0475472924925636 0.0470600548609861 0.0900467949616903
0.0510836375139192 0.12837339123199 0.0500483803243276 0.0540654401427008 0.0500009192732313 0.24623165391141 0.202605601766001 0.0586970247128693 0.0501763150675561 0.108717636055996
0.225922088937657 0.0433036892114529 0.0909312196538298 0.042524558695105 0.285867663631739 0.0403551004997452 0.0816829661655521 0.0995332217465316 0.0480766484726902 0.0418028429856973
0.0782213451905393 0.220968712274421 0.228446233321904 0.0667246871155025 0.0666666666867179 0.0666666668788167 0.0674184444027033 0.0666666666779872 0.066666666667143 0.0715539107842649
0.0453663976106361 0.0421886158011286 0.0427333687697495 0.238285410556415 0.0422662839649995 0.0423729860704113 0.391107228445077 0.0575521130447141 0.0541194630130507 0.0440081327238184
0.17356436917762 0.0401313518156111 0.154052756234941 0.0175381699910068 0.470269073929093 0.0840275601931307 0.0153585201502577 0.0164022373976312 0.0167199067769816 0.0119360543337272
0.014805963465448 0.507622282108648 0.0306335377415949 0.0428286367155432 0.015530053784011 0.14784580105906 0.0153031175617126 0.138893483744399 0.0166103220366952 0.0699268017828876
0.030404973268762 0.0312246200623727 0.0310510674982553 0.035635928242306 0.0317663717716228 0.0439150262927105 0.519115552360971 0.115848559984006 0.0408686339815366 0.120169266537457
0.0776526128683782 0.0446217958773865 0.398186694974425 0.0449408584692136 0.0997136423631517 0.0447185210879514 0.10499052908002 0.0446277787422557 0.096100515210561 0.0444470513266571
0.042105313856732 0.118413082586001 0.0421054002121302 0.0460189309114939 0.0902972147470159 0.212512869297985 0.0462109827670081 0.232479754510127 0.0870662271670389 0.082790223944468
0.0524472098714748 0.0502112976200458 0.230872800404041 0.0511490332007994 0.0519177012601976 0.0505194428350567 0.253121092485804 0.0505647436666727 0.156148034192004 0.0530486444639047
0.100980282320136 0.0368015398848004 0.039560856964611 0.107397238343324 0.0370461601266827 0.0373477156630782 0.164931745126702 0.0506559005271993 0.106692513679743 0.318586047363724
0.0996119989634778 0.044835194372148 0.0465891862053668 0.0447233987816621 0.0501276046024712 0.498907443813414 0.0780199247429949 0.0482679830045872 0.0444444766155525 0.0444727888983258
0.0328410691314087 0.030705872555033 0.0282832820880588 0.0292162013242505 0.028616855628687 0.183002794904386 0.0694198899963396 0.299879338833208 0.24563562828847 0.0523990672501581
0.0453321515847545 0.366482614235724 0.0444888437085383 0.0452416030931067 0.0444452850213051 0.127680381457766 0.0905437407962829 0.100633335594879 0.0444444444444542 0.0907076000631891
0.0512117779426442 0.0500008798421064 0.169339399326547 0.0502531144956438 0.241458665534063 0.0500016798177206 0.171139566644096 0.0540832737063081 0.112500000003603 0.0500116426872681
0.297267286156718 0.0536179207075492 0.0550777136346447 0.0549985466973401 0.258587386840213 0.054109421311394 0.0550343346583678 0.053379239709493 0.0541705451847413 0.0637576050995391
0.0283745545094165 0.0280733730477699 0.0230368800410454 0.27209466575576 0.0174932022956781 0.241123272130858 0.118498626751814 0.139008901485697 0.0268825440414225 0.105413979940538
0.0666666666666668 0.0666666666666667 0.0666666666666667 0.0666666666667613 0.399999999270188 0.06666666739638 0.0666666666666667 0.0666666666666703 0.0666666666666667 0.0666666666666667
0.0579262117232679 0.0575795784118079 0.0572736054237456 0.0582871595887108 0.0571464029977967 0.205375613737169 0.0707578509556894 0.0572806942898515 0.0571428571516403 0.321230025720321
0.024459923593461 0.478298367575355 0.0391989802398533 0.0359173952036128 0.0365560156504639 0.0225354137891918 0.125422722541744 0.0268705596918853 0.143893347981293 0.0668472737331392
0.253062143408161 0.0309755177216963 0.0400540340228064 0.0310406222856829 0.0403341274280684 0.0311615992850265 0.426131846761413 0.0313011476230867 0.0844802161646791 0.0314587452993795
0.0883282637517014 0.0390804664599563 0.0391926226044418 0.0424124360473518 0.198987609519715 0.0471992945880174 0.0956819112202608 0.299341795623588 0.110119916774681 0.0396556834102865
0.0500000006493591 0.0504028566440943 0.0583748381104999 0.0503388670557698 0.476655711536114 0.0500229474191071 0.0500000000308226 0.108465317547173 0.0557394610033542 0.0500000000037061
0.0602411089679506 0.0458761727278938 0.0388818528782169 0.0338769114056591 0.0334990285475752 0.441718289345406 0.0920566111322293 0.182663552817374 0.0379230076985153 0.03326346447918
0.0514732314105361 0.174995472135997 0.0470602686697978 0.0494040797804726 0.0517569168598201 0.276655612291439 0.0472419591202998 0.200547795388412 0.0524421767052848 0.0484224876379406
0.123028211910747 0.195411373013395 0.0217943018490061 0.26045858917262 0.0216861864903656 0.0224587554883241 0.02001082405528 0.293880072441947 0.021224095782772 0.0200475897955437
0.119867532574034 0.053333374524303 0.0534662967563653 0.0536565582049812 0.0537009561385947 0.0533337774572972 0.106403040626778 0.053376587545254 0.399345260453708 0.0535166157186847
0.0555280332306684 0.050737955414297 0.413027328241742 0.0532910508972147 0.0500007878063798 0.0500010829538522 0.074790934595313 0.0502323618451702 0.0500000000114782 0.152390465003885
0.0206241413817699 0.76432753976698 0.0716475629389536 0.0163966052363519 0.0204154683238537 0.0187695744231649 0.0351234710665662 0.0174933417629296 0.0190609736704866 0.0161413214289436
0.0800207344796223 0.0706781655122747 0.0303513448036565 0.0302934343594481 0.0305344131594838 0.0298343518962809 0.0304593860539489 0.0387366955618573 0.05146654751781 0.607624926655617
0.282999552331948 0.169198523657869 0.308240666187273 0.0613815739980198 0.0237394662917031 0.0250001144136526 0.0535308651520542 0.0251934787159784 0.0223745852441967 0.0283411740073058
0.0408360899761287 0.0403622939400579 0.179222128456587 0.040559531049601 0.04035672191077 0.0409007163703432 0.146587651266469 0.0919212567896475 0.040104883085557 0.339148727154839
0.0487196608447473 0.049394717995485 0.0472180153743156 0.191232669635364 0.0484596696305822 0.0494139809591918 0.0655337265405555 0.26448586968069 0.0470588236533629 0.188482865685705
0.067237153361331 0.0744885416796789 0.0687717004680512 0.066682767471642 0.140124204626003 0.0666690162644232 0.27962297597416 0.0675076227888681 0.102220958234629 0.0666750591312143
0.114150800651701 0.0494663500617093 0.138264298271809 0.0889796113360239 0.206954982917931 0.0634543054041117 0.0494867335221595 0.0512648245032168 0.185457609982458 0.0525204833488797
0.0649657648344261 0.0624791956817538 0.027087204427553 0.477038712735823 0.0191931192925601 0.0585205705574242 0.0603367035860567 0.178102974030268 0.0191263809313928 0.0331493739227432
0.0929725523880524 0.34590625918951 0.0326075116190022 0.211356745094602 0.0152960106273765 0.0211090686714273 0.0618315566872808 0.106075664685068 0.0174438479784778 0.0954007830592035
0.0538081846341468 0.0541322405402358 0.053644223516736 0.0543920096767934 0.0533341975358903 0.0533344883310633 0.464697258056523 0.0535896366945458 0.0625274624109745 0.0965402986030909
0.0579559739918357 0.0399225034437189 0.0620256204008696 0.0367763331521498 0.0364914522000019 0.0598421033890695 0.366338849738508 0.0366619812992733 0.108958870432497 0.195026311952077
0.199432848122902 0.0474346137929018 0.0741438177276185 0.0488490985665748 0.0470589533725306 0.0479725201396906 0.143487427795918 0.0478969474590494 0.293871582050423 0.0498521909723916
0.0474218630718246 0.0427839659717435 0.346919608241697 0.0430793923315601 0.042335801420195 0.0425613098741721 0.203741296639631 0.0424840102119531 0.0530977406753231 0.1355750115619
0.192718552967564 0.0772054629041206 0.0874611557871523 0.0883652794674767 0.0749472907680634 0.0802701766644535 0.136187017371395 0.0729408659587581 0.0744554310663535 0.115448767044662
0.105729987490213 0.0503601553039371 0.0500677480895609 0.0607804994059779 0.0500172574759496 0.0508803144636035 0.274522224228119 0.0501152632534036 0.0500014097768199 0.257525140512415
0.0524481607636637 0.0629763731851638 0.0444860166953192 0.226020754362172 0.0444444444444881 0.0465007520427736 0.354375517877413 0.0446360902529818 0.0773014002907189 0.0468104900853058
0.0159419766526373 0.588479167209178 0.0172121756665766 0.0509785185954148 0.0174192071475444 0.0187655934330628 0.0402196055898142 0.152874125872129 0.0355784505505177 0.062531179283125
0.0457369337590148 0.448605336306696 0.00944711571531666 0.106593890516078 0.0208038718568976 0.0191494194114694 0.0524931880215844 0.166802501273228 0.0937733911311277 0.0365943520085873
0.052430570193393 0.565726954655947 0.0421547357918551 0.0497563024719568 0.0371154068488849 0.08950611949343 0.0542749760737096 0.0407235563684434 0.0333340102068419 0.0349773678955381
0.0194314227124416 0.0221648861845277 0.0349975528027178 0.0221791116266529 0.0197979802676911 0.683933512948787 0.0189773048579446 0.110426324117207 0.018992817328575 0.0490990871534545
0.261367386175982 0.0494935027029575 0.0219823940842355 0.273580357908342 0.0357598268530631 0.0648033348807226 0.208561545849656 0.03172691061542 0.0287779320767712 0.0239468088528496
0.197882313291726 0.249685615003047 0.0232217231353969 0.0221620423971808 0.0218518614885884 0.0673008775341999 0.179431989739501 0.0984434655282044 0.109288117590134 0.0307319942920214
0.169553000681091 0.0923418315013583 0.0221689868207982 0.083644463519051 0.11067154083289 0.0303277117047478 0.0183770767086989 0.0176751540963893 0.431857565187648 0.0233826689473269
0.0738972211004988 0.0757388394100654 0.0727272727312633 0.0855718844384246 0.0760095838086124 0.276923920990828 0.072727273563802 0.120949458129931 0.0727272729899068 0.0727272728366684
0.0727274990052608 0.0727272729723587 0.0727272727272978 0.0727272727272727 0.258950222675977 0.159231356338216 0.072727272792958 0.0727272853060293 0.0727272727272727 0.0727272727273568
0.057668986750035 0.64308010796582 0.0188206211155131 0.0301676466743702 0.0378309420087851 0.0229851439469428 0.101804009413673 0.0187743142756415 0.0182340038266097 0.0506342240226096
0.0365320267661653 0.0582440758939587 0.0366535547496947 0.0437568873715108 0.0310270209253101 0.0608952326612211 0.0328023098630714 0.571084998160511 0.0925113746288913 0.0364925189796656
0.0500000000007553 0.050000000714763 0.0504626406477451 0.05520925015909 0.487499959588076 0.0500000288748413 0.05 0.0500000001718932 0.0500000091945627 0.106828110648273
0.0418644001286916 0.0437216787108814 0.0489134024938519 0.0459974810352681 0.324977793278096 0.0495607400347758 0.0401724866607863 0.106773210132602 0.257500130753192 0.0405186767718548
0.0574198597636115 0.433305631574972 0.0400000028794636 0.0405010989629669 0.0400049042855988 0.0402261019448553 0.0400000017133628 0.14488573208442 0.0415516474460887 0.12210501934466
0.0194181679656646 0.221608251999994 0.0236342608658654 0.111313028595655 0.0181780605416064 0.0201403401796541 0.192738705010426 0.331480376786117 0.0341090919494441 0.0273797161055738
0.0578215469696459 0.0577961613144394 0.0628468037971063 0.102392457189446 0.132447274677982 0.0574829617425727 0.135146513118688 0.278518108638692 0.0577643513684375 0.0577838211829898
